%YAML:1.0
---
PCA_eigenvectors: !!opencv-matrix
   rows: 16
   cols: 300
   dt: f
   data: [ 1.43256672e-02, 1.59750469e-02, 2.59326175e-02,
       3.74518037e-02, 4.46944311e-02, 5.19458354e-02, 5.92046641e-02,
       6.54118732e-02, 7.36654326e-02, 8.30865726e-02, 1.69629306e-02,
       1.26920221e-02, 1.34668527e-02, 2.12313011e-02, 2.61239260e-02,
       3.19904573e-02, 4.06055227e-02, 5.19804396e-02, 6.39011934e-02,
       7.28815570e-02, 2.99140196e-02, 1.98002253e-02, 1.47334235e-02,
       1.56090371e-02, 1.84403230e-02, 2.20046528e-02, 3.33623327e-02,
       4.70696986e-02, 5.92049062e-02, 6.63275272e-02, 3.92440148e-02,
       2.49280576e-02, 1.18696121e-02, 6.30313437e-03, 5.59110940e-03,
       8.11363850e-03, 1.71161722e-02, 2.62492057e-02, 3.28518823e-02,
       3.46918553e-02, 4.36905213e-02, 2.79648751e-02, 1.54251624e-02,
       6.65640226e-03, 4.69824392e-03, 4.76904633e-03, 9.38762259e-03,
       1.11256279e-02, 1.39735276e-02, 1.39618516e-02, 4.21834514e-02,
       2.55963933e-02, 1.21096717e-02, 2.79174745e-03, 4.98375099e-04,
       1.41816273e-07, 3.26292589e-04, 1.41816273e-07, 1.33495289e-03,
       5.74264908e-04, 4.11482118e-02, 2.38413997e-02, 1.17554544e-02,
       3.03971767e-03, 2.61669490e-03, 5.08868485e-04, 3.88061581e-03,
       2.30982597e-03, 5.48457727e-03, 2.24612979e-03, 4.09799144e-02,
       2.28755716e-02, 1.00981109e-02, 3.01141664e-03, 2.48190807e-03,
       1.41816273e-07, 4.08248696e-03, 2.11993395e-03, 4.16555721e-03,
       1.05659361e-03, 4.37395424e-02, 2.48324368e-02, 1.11884419e-02,
       4.65977751e-03, 3.33980448e-03, 7.36057875e-04, 4.35346784e-03,
       1.82708923e-03, 3.60144302e-03, 5.47867909e-04, 4.52781767e-02,
       2.73704901e-02, 1.53029822e-02, 6.76021772e-03, 4.90327459e-03,
       9.27424582e-04, 3.81643767e-03, 1.23347540e-03, 3.74522270e-03,
       3.65291606e-04, 5.24023138e-02, 5.40515557e-02, 6.08484186e-02,
       7.23676458e-02, 7.75278062e-02, 8.47792253e-02, 9.23036411e-02,
       9.85109955e-02, 1.08385995e-01, 1.17807128e-01, 5.50394580e-02,
       5.07686362e-02, 4.83824797e-02, 5.61469123e-02, 5.89573346e-02,
       6.48237392e-02, 7.37044513e-02, 8.50793496e-02, 9.86217856e-02,
       1.07601956e-01, 6.52496442e-02, 5.51358499e-02, 4.46097516e-02,
       4.54853997e-02, 4.32823673e-02, 4.68467884e-02, 5.59642538e-02,
       6.96715564e-02, 8.22954103e-02, 8.94179046e-02, 7.45797232e-02,
       6.02637120e-02, 4.17459272e-02, 3.61794569e-02, 2.92985030e-02,
       3.14558931e-02, 3.97178903e-02, 4.88511063e-02, 5.59423603e-02,
       5.77823557e-02, 7.66330212e-02, 6.09075539e-02, 4.04282212e-02,
       3.16594578e-02, 2.32795011e-02, 2.28025932e-02, 2.20435224e-02,
       2.34164223e-02, 2.48368103e-02, 2.48251185e-02, 7.51260594e-02,
       5.85390329e-02, 3.71127799e-02, 2.76228022e-02, 1.88600756e-02,
       1.58323850e-02, 1.32551817e-02, 1.27339121e-02, 1.20793926e-02,
       1.06482441e-02, 7.28077069e-02, 5.55008501e-02, 3.48160937e-02,
       2.59283632e-02, 1.78003479e-02, 1.53008401e-02, 1.21683041e-02,
       1.09207602e-02, 8.58670287e-03, 5.34834433e-03, 7.26393983e-02,
       5.45349456e-02, 3.31587903e-02, 2.59000529e-02, 1.76655687e-02,
       1.44181969e-02, 1.22477924e-02, 1.04076909e-02, 6.98395912e-03,
       3.04401806e-03, 7.36567378e-02, 5.47496341e-02, 3.40665616e-02,
       2.75379028e-02, 1.77504662e-02, 1.41859343e-02, 1.26008941e-02,
       1.00746052e-02, 5.62372850e-03, 2.55095749e-03, 7.51954541e-02,
       5.72877862e-02, 3.81810702e-02, 2.96383556e-02, 1.93138644e-02,
       1.47512583e-02, 1.20638907e-02, 9.21143126e-03, 5.76750189e-03,
       2.01394362e-03, 8.56693611e-02, 8.73186439e-02, 9.62797999e-02,
       1.07798927e-01, 1.16574384e-01, 1.23825885e-01, 1.30521923e-01,
       1.36729091e-01, 1.43704399e-01, 1.53125554e-01, 8.83066803e-02,
       8.40357989e-02, 8.38139802e-02, 9.15784091e-02, 9.80036929e-02,
       1.03870399e-01, 1.11922815e-01, 1.23297654e-01, 1.33940041e-01,
       1.42920285e-01, 9.52217877e-02, 8.51079151e-02, 7.80503824e-02,
       7.89260790e-02, 7.98278749e-02, 8.33926573e-02, 9.32165831e-02,
       1.06924109e-01, 1.17938414e-01, 1.25060871e-01, 1.04551740e-01,
       9.02358145e-02, 7.51866996e-02, 6.96201771e-02, 6.58443198e-02,
       6.80016428e-02, 7.69703239e-02, 8.61036107e-02, 9.15853530e-02,
       9.34253260e-02, 1.04040273e-01, 8.83148611e-02, 7.15295821e-02,
       6.27607927e-02, 5.81413470e-02, 5.76643609e-02, 5.91377467e-02,
       6.05106466e-02, 6.02406971e-02, 6.02289252e-02, 1.02533214e-01,
       8.59462768e-02, 6.82142228e-02, 5.87240830e-02, 5.37217893e-02,
       5.06941825e-02, 5.03492989e-02, 4.98281084e-02, 4.74832989e-02,
       4.60521132e-02, 1.00503564e-01, 8.31967667e-02, 6.58975765e-02,
       5.70097677e-02, 5.16268276e-02, 4.91273776e-02, 4.69185524e-02,
       4.56710234e-02, 4.14770171e-02, 3.82385924e-02, 1.00474805e-01,
       8.23703557e-02, 6.43797964e-02, 5.71211055e-02, 5.14921919e-02,
       4.82447594e-02, 4.69980687e-02, 4.51579466e-02, 3.98742035e-02,
       3.55901532e-02, 1.04263321e-01, 8.53561237e-02, 6.56956732e-02,
       5.91669902e-02, 5.06970063e-02, 4.71324883e-02, 4.32731137e-02,
       4.07467224e-02, 3.29202749e-02, 2.93312278e-02, 1.05802111e-01,
       8.78942311e-02, 6.98102042e-02, 6.12675846e-02, 5.22604249e-02,
       4.76977564e-02, 4.27360386e-02, 3.98836359e-02, 3.30640338e-02,
       2.87942216e-02, -3.47478390e-02, -5.45586199e-02, -1.06163152e-01,
       -8.30884054e-02, -8.10869187e-02, -7.87760615e-02,
       -4.42181453e-02, -1.90620609e-02, -9.87067251e-05, 1.78176649e-02,
       6.15912192e-02, 3.75917479e-02, -6.37062863e-02, -6.56628236e-02,
       -7.70608932e-02, -8.86762664e-02, -6.64994344e-02,
       -3.58064510e-02, -2.13811602e-02, -8.90130084e-03, 9.84825864e-02,
       9.66601148e-02, -8.04674812e-03, -3.70570086e-02, -5.61948530e-02,
       -8.07786062e-02, -7.98170567e-02, -6.35455474e-02,
       -3.81135531e-02, -2.59319320e-02, 1.07702270e-01, 1.08292967e-01,
       6.57329289e-03, -2.26699822e-02, -3.87542322e-02, -6.05176203e-02,
       -9.09924582e-02, -1.03031501e-01, -9.29000005e-02,
       -9.66504812e-02, 7.16976225e-02, 7.68109486e-02, 1.10706901e-02,
       -2.71875295e-03, -1.94466710e-02, -3.72924171e-02,
       -5.82410209e-02, -7.31497183e-02, -5.97512797e-02,
       -6.74584061e-02, 6.34216517e-02, 6.95184171e-02, 1.12598483e-02,
       1.39344838e-02, 1.80841380e-04, 2.85597366e-07, 1.97076029e-03,
       2.85597366e-07, 9.88433044e-03, -1.91517849e-03, 6.20269179e-02,
       6.51298761e-02, 7.47745018e-03, 1.00484183e-02, 3.40718799e-03,
       3.56432912e-03, 2.66041793e-03, 4.03472455e-03, 1.56056033e-02,
       1.36830918e-02, 7.57584348e-02, 7.03738704e-02, 7.38382339e-03,
       1.23954108e-02, 2.24500964e-03, 2.85597366e-07, 6.85196044e-03,
       1.15549900e-02, 2.50352398e-02, 8.34493153e-03, 8.02803934e-02,
       7.89545998e-02, 4.43870388e-03, 1.74338054e-02, -1.04977489e-02,
       -6.90837624e-03, -1.53105445e-02, -5.48917288e-03, 1.49723678e-03,
       4.78094630e-03, 6.93098158e-02, 8.06627795e-02, 1.67245641e-02,
       2.63902005e-02, -2.75780750e-03, -6.10024715e-03, -1.65278111e-02,
       -6.35172147e-03, 2.05453672e-03, 3.18737724e-03, -2.19858363e-02,
       -4.17931601e-02, -9.34320614e-02, -7.03564286e-02,
       -8.28642100e-02, -8.05476457e-02, -6.03243485e-02,
       -3.51672471e-02, -2.15254016e-02, -3.61575466e-03, 7.43557438e-02,
       5.03552742e-02, -5.09750284e-02, -5.29269390e-02, -7.88349286e-02,
       -9.04521346e-02, -8.26012567e-02, -5.19130044e-02,
       -4.28146012e-02, -3.03278808e-02, 1.09880239e-01, 1.08059093e-01,
       2.29225587e-03, -2.67184209e-02, -6.09750636e-02, -8.55583623e-02,
       -9.10401493e-02, -7.47735426e-02, -6.47002161e-02,
       -5.25136814e-02, 1.19095922e-01, 1.19687490e-01, 1.69144738e-02,
       -1.23302657e-02, -5.33932149e-02, -7.83441663e-02,
       -1.02219574e-01, -1.14259884e-01, -1.19484402e-01,
       -1.23234570e-01, 9.00892764e-02, 9.52000245e-02, 3.01506463e-02,
       1.63620394e-02, -1.30744018e-02, -3.57014723e-02, -6.31524101e-02,
       -8.12473670e-02, -7.65412897e-02, -8.42476711e-02, 8.18196908e-02,
       8.79108757e-02, 3.03407572e-02, 3.48050483e-02, 8.09302740e-03,
       5.23649715e-03, -1.50432845e-03, -6.36168849e-03, -2.14033620e-03,
       -1.25110531e-02, 7.85664842e-02, 8.16699043e-02, 3.34822126e-02,
       3.78430374e-02, 1.66438278e-02, 2.01297943e-02, 1.39481630e-02,
       1.50208501e-02, 2.04191171e-02, 1.84960477e-02, 9.22988057e-02,
       8.69153440e-02, 3.33878882e-02, 4.01897356e-02, 1.54814180e-02,
       1.41638266e-02, 1.82464086e-02, 2.28431411e-02, 3.01142056e-02,
       1.98309980e-02, 9.94267389e-02, 9.81036052e-02, 2.88514514e-02,
       4.18453813e-02, 1.27795022e-02, 8.88682995e-03, 1.00398799e-02,
       1.98617559e-02, 2.65387576e-02, 2.72246189e-02, 8.84595364e-02,
       9.98098999e-02, 4.11352515e-02, 5.08015193e-02, 2.05188319e-02,
       1.20957261e-02, 8.82315170e-03, 1.66746154e-02, 2.70956419e-02,
       2.60076579e-02, -2.36135982e-02, -4.34212275e-02, -9.55713168e-02,
       -7.25008100e-02, -7.85765275e-02, -7.62619227e-02,
       -4.80420887e-02, -2.28792839e-02, -1.97874452e-03, 1.59351788e-02,
       7.27272853e-02, 4.87235039e-02, -5.31127788e-02, -5.50728701e-02,
       -7.45490342e-02, -8.61654356e-02, -7.03205168e-02,
       -3.96266393e-02, -2.32630372e-02, -1.07775796e-02, 1.06502749e-01,
       1.04681306e-01, 2.86547281e-03, -2.61439122e-02, -6.15343526e-02,
       -8.61160234e-02, -7.78596625e-02, -6.15846179e-02,
       -4.71664034e-02, -3.49787213e-02, 1.15723550e-01, 1.16312794e-01,
       1.74816251e-02, -1.17582921e-02, -5.39521500e-02, -7.89038166e-02,
       -8.90311375e-02, -1.01078101e-01, -1.01955235e-01,
       -1.05703548e-01, 9.13427100e-02, 9.64495093e-02, 2.50446014e-02,
       1.12555968e-02, -7.21044233e-03, -2.98400018e-02, -5.68581372e-02,
       -7.49550462e-02, -6.71938062e-02, -7.49033317e-02, 8.30644593e-02,
       8.91583711e-02, 2.52336729e-02, 2.96973623e-02, 1.39565254e-02,
       1.11003798e-02, 4.79080807e-03, -7.15081915e-05, 7.20797898e-03,
       -3.16342898e-03, 9.64088514e-02, 9.95085463e-02, 3.70841697e-02,
       4.14471626e-02, 2.11085621e-02, 2.45982092e-02, 1.82655957e-02,
       1.93393994e-02, 2.08254494e-02, 1.89043768e-02, 1.10243127e-01,
       1.04857095e-01, 3.70944664e-02, 4.38976549e-02, 1.99439153e-02,
       1.86287537e-02, 2.25642379e-02, 2.71604750e-02, 3.05228103e-02,
       2.38191076e-02, 1.13226533e-01, 1.11908086e-01, 3.72348726e-02,
       5.02291620e-02, 1.75405778e-02, 1.36466715e-02, 1.77513920e-02,
       2.75746156e-02, 2.73745675e-02, 3.34307402e-02, 1.02265120e-01,
       1.13616742e-01, 4.95206378e-02, 5.91879375e-02, 2.52785422e-02,
       1.68559905e-02, 1.65380500e-02, 2.43875775e-02, 2.79317759e-02,
       3.22131552e-02, 2.24294122e-02, 2.07374487e-02, 3.41312289e-02,
       5.83009347e-02, 6.94094896e-02, 8.32829922e-02, 8.56167227e-02,
       9.46238711e-02, 1.14751406e-01, 1.35782152e-01, 3.74881849e-02,
       2.43397076e-02, 1.66252106e-02, 3.11467294e-02, 3.65747772e-02,
       4.51514237e-02, 4.95962203e-02, 7.19144866e-02, 9.69276726e-02,
       1.15727261e-01, 6.40699863e-02, 4.50739339e-02, 2.49847248e-02,
       2.42726300e-02, 2.49775890e-02, 2.84396857e-02, 4.40523960e-02,
       6.75136968e-02, 9.36695859e-02, 1.07394069e-01, 8.31193700e-02,
       5.61420247e-02, 2.54808329e-02, 9.90876742e-03, 5.98134845e-03,
       7.50717893e-03, 1.97810922e-02, 3.30576748e-02, 4.66590188e-02,
       4.54476066e-02, 8.51183608e-02, 5.73884025e-02, 3.06921806e-02,
       1.24100763e-02, 6.91540586e-03, 5.00128465e-03, 8.22980516e-03,
       6.36091316e-03, 1.20722549e-02, 5.27032884e-03, 7.98520446e-02,
       5.10190874e-02, 2.24137791e-02, 6.28150813e-03, 1.17604120e-03,
       -3.13069449e-06, 7.90550606e-04, -3.13069449e-06, 3.72832501e-03,
       -2.87486240e-04, 7.80760124e-02, 4.68223132e-02, 2.13124063e-02,
       5.20321075e-03, 5.28666424e-03, 1.46942504e-03, 8.01955257e-03,
       4.79338411e-03, 1.24135399e-02, 6.83651213e-03, 8.01584050e-02,
       4.69184592e-02, 1.81017686e-02, 6.08514389e-03, 5.17959753e-03,
       -3.13069449e-06, 8.99955072e-03, 5.58305345e-03, 1.05767762e-02,
       3.50605790e-03, 8.60117525e-02, 5.20913452e-02, 2.13172752e-02,
       1.04770632e-02, 4.96031251e-03, 9.57486918e-04, 5.43736434e-03,
       1.44548470e-03, 5.93854580e-03, 2.03356636e-03, 8.76511484e-02,
       5.67034669e-02, 3.07197440e-02, 1.57644004e-02, 9.65574756e-03,
       1.64333708e-03, 4.84702038e-03, 2.76902691e-04, 7.20551983e-03,
       1.35463593e-03, 2.27072742e-02, 2.10196339e-02, 2.64998842e-02,
       5.06728925e-02, 5.64860664e-02, 7.03356415e-02, 9.72960293e-02,
       1.06306992e-01, 1.32992804e-01, 1.54028237e-01, 3.77785005e-02,
       2.46315654e-02, 8.98887217e-03, 2.35234480e-02, 2.36477721e-02,
       3.22162062e-02, 6.12893291e-02, 8.35899189e-02, 1.15168922e-01,
       1.33947194e-01, 5.80909550e-02, 3.90991122e-02, 8.45940132e-03,
       7.74883386e-03, -2.91622127e-03, 5.46914001e-04, 3.77678089e-02,
       6.12278618e-02, 8.88173655e-02, 1.02556564e-01, 7.71462768e-02,
       5.01761883e-02, 8.95664096e-03, -6.61647832e-03, -2.49501225e-02,
       -2.47824732e-02, 1.34935193e-02, 2.67728604e-02, 4.18118536e-02,
       4.06119414e-02, 7.61200115e-02, 4.83951718e-02, 5.09949261e-03,
       -1.31781138e-02, -3.18841599e-02, -3.58369946e-02,
       -2.67786067e-02, -3.00008059e-02, -2.00472157e-02,
       -2.68517993e-02, 7.08597973e-02, 4.20311987e-02, -3.17781651e-03,
       -1.97002888e-02, -3.74337062e-02, -4.43650149e-02,
       -1.80355255e-02, -1.48625309e-02, -1.24027440e-02,
       -1.91375967e-02, 6.60482123e-02, 3.47968563e-02, -5.54284872e-03,
       -2.20325440e-02, -3.81929018e-02, -4.22007963e-02,
       -2.33893711e-02, -1.43810781e-02, -1.68207120e-02,
       -2.23989300e-02, 6.81296885e-02, 3.48896571e-02, -8.75201542e-03,
       -2.11514290e-02, -3.83007824e-02, -4.50417101e-02,
       -2.69159954e-02, -2.58268714e-02, -2.94265822e-02,
       -3.62969115e-02, 7.10799471e-02, 3.71577181e-02, -6.21401938e-03,
       -1.70551054e-02, -3.86074409e-02, -4.49762680e-02,
       -3.68785188e-02, -4.08717729e-02, -4.96400669e-02,
       -5.38463145e-02, 7.27210119e-02, 4.17743102e-02, 3.18900077e-03,
       -1.17623378e-02, -3.39120179e-02, -4.29277569e-02,
       -3.74691412e-02, -4.22578417e-02, -4.83719073e-02,
       -5.44373505e-02, -2.94349417e-02, -3.11137363e-02,
       -2.12620348e-02, 2.91755097e-03, 1.02902008e-02, 2.41599884e-02,
       -2.34339037e-03, 6.64436165e-03, 1.80023238e-02, 3.90139259e-02,
       -1.43764224e-02, -2.75182966e-02, -3.87506038e-02,
       -2.42170785e-02, -2.25456040e-02, -1.39743565e-02,
       -3.83683592e-02, -1.60683971e-02, 1.63719611e-04, 1.89848132e-02,
       -1.37277564e-03, -2.03598775e-02, -4.41679694e-02,
       -4.48742956e-02, -5.45641854e-02, -5.11204973e-02,
       -6.41419962e-02, -4.06768806e-02, -2.45008375e-02,
       -1.07849073e-02, 1.76748130e-02, -9.29947197e-03, -4.36849780e-02,
       -5.92480563e-02, -7.66093358e-02, -7.64442682e-02,
       -8.84167999e-02, -7.51371533e-02, -7.15135336e-02,
       -7.27175325e-02, 1.20770000e-02, -1.56672113e-02, -5.05793281e-02,
       -6.88638464e-02, -8.55987966e-02, -8.95498991e-02,
       -1.05911650e-01, -1.09132975e-01, -1.14031635e-01,
       -1.20839067e-01, 6.79472741e-03, -2.20201444e-02, -5.88674434e-02,
       -7.53759742e-02, -9.11410153e-02, -9.80741605e-02,
       -9.71550420e-02, -9.39952508e-02, -1.06392413e-01,
       -1.13131806e-01, 2.38142395e-03, -2.88940910e-02, -6.39605895e-02,
       -8.04604292e-02, -9.36644003e-02, -9.76811275e-02,
       -8.73701945e-02, -7.83658624e-02, -8.68542418e-02,
       -9.24284607e-02, 1.96729973e-03, -3.12805623e-02, -6.96698055e-02,
       -8.20729211e-02, -9.37827751e-02, -1.00525275e-01,
       -9.09036249e-02, -8.98020566e-02, -9.94547904e-02,
       -1.07099861e-01, 1.30642299e-02, -2.08651274e-02, -6.25953302e-02,
       -7.34501258e-02, -1.01105973e-01, -1.07472263e-01,
       -1.14910230e-01, -1.18911527e-01, -1.35504186e-01,
       -1.40871197e-01, 1.47027429e-02, -1.62603389e-02, -5.31977415e-02,
       -6.81499839e-02, -9.63985175e-02, -1.05423249e-01,
       -1.15496472e-01, -1.20292753e-01, -1.34238198e-01,
       -1.41458377e-01, -1.00445086e-02, 5.57833388e-02, -1.15154022e-02,
       -8.94028693e-03, 2.44215056e-02, 1.64607354e-02, 2.50337813e-02,
       3.34854401e-03, -6.62350655e-02, -1.05649397e-01, 1.52930142e-02,
       8.69416296e-02, -1.77082866e-02, -3.32274218e-03, 1.41085433e-02,
       4.03082184e-02, 2.09684763e-02, -1.40757179e-02, -5.83680794e-02,
       -9.37635005e-02, 5.20533919e-02, 6.14784062e-02, -3.73003222e-02,
       -7.41548743e-03, 1.36554819e-02, 1.91901978e-02, -3.58842988e-03,
       -9.09452327e-03, -4.38924804e-02, -4.82599102e-02, 4.69404235e-02,
       5.24853952e-02, -7.08390921e-02, -1.61607247e-02, -1.59146842e-02,
       -1.24024088e-02, -3.99693102e-03, 4.62152809e-02, 3.68067399e-02,
       1.06045879e-01, 5.61411083e-02, 4.63702343e-02, -3.56650911e-02,
       -2.12793276e-02, -3.50966156e-02, -3.14892419e-02, 3.08117047e-02,
       1.11739352e-01, 1.42825857e-01, 2.75497139e-01, 9.36028659e-02,
       8.04547146e-02, 2.65007094e-02, 1.25009110e-02, -9.11303516e-03,
       3.44424225e-05, -3.32777854e-04, 3.44424225e-05, -4.26636171e-03,
       2.43789833e-02, 9.13499072e-02, 9.32062566e-02, 2.21095756e-02,
       3.72129232e-02, -9.30964947e-03, -2.41464889e-03, -2.15288457e-02,
       -3.20694363e-03, -1.21050524e-02, -2.23403927e-02, 7.35558569e-02,
       6.68072626e-02, 2.46309917e-02, 2.33341511e-02, -1.19884899e-02,
       3.44424225e-05, -1.78822950e-02, -1.60819793e-03, 4.40608850e-03,
       -8.66158213e-03, 7.43313134e-02, 5.77053763e-02, -1.08556310e-02,
       1.26836766e-02, -6.43124152e-03, -1.54742515e-02, 1.52066294e-02,
       3.82083245e-02, 3.11997216e-02, -6.21268200e-03, 6.86429963e-02,
       6.42937422e-02, -3.23607884e-02, 5.28865354e-03, -2.52298098e-02,
       -1.85193326e-02, 3.78366513e-03, 3.25037464e-02, 8.54023080e-03,
       -4.13023029e-03, -7.10357577e-02, -5.21550979e-03,
       -1.71680264e-02, -1.46088889e-02, 9.03233327e-03, 1.01764675e-03,
       4.95174006e-02, 2.78510135e-02, -5.40890768e-02, -9.35659334e-02,
       -4.57186550e-02, 2.59292126e-02, -2.33491827e-02, -8.99706502e-03,
       -1.32237305e-03, 2.48451848e-02, 4.54065539e-02, 1.04465634e-02,
       -4.63097282e-02, -8.16848949e-02, 2.88531650e-02, 3.81978415e-02,
       -5.24274074e-02, -2.25018337e-02, 1.47479689e-02, 2.02898160e-02,
       1.80900767e-02, 1.26093440e-02, 6.99960440e-03, 2.55435775e-03,
       2.36815698e-02, 2.92663667e-02, -8.59384537e-02, -3.12345680e-02,
       -1.45662064e-02, -6.84908638e-03, 1.76251289e-02, 6.78885281e-02,
       8.76261145e-02, 1.56882122e-01, 2.66232528e-02, 1.68076940e-02,
       -1.29758073e-02, 1.38149771e-03, -1.27982460e-02, -2.94224964e-03,
       7.81945586e-02, 1.63314894e-01, 2.07772240e-01, 3.40393662e-01,
       6.41659722e-02, 5.08849286e-02, 4.91473004e-02, 4.39331196e-02,
       2.39678496e-03, 2.83333547e-02, 5.88368811e-02, 6.00457229e-02,
       7.03580976e-02, 1.41315803e-01, 6.82932213e-02, 7.01904818e-02,
       9.65457130e-03, 3.35620567e-02, -6.80992799e-03, -1.95907126e-03,
       1.34260543e-02, 3.44079770e-02, 4.31109853e-02, 3.28929238e-02,
       5.05502559e-02, 4.37921286e-02, 1.21623380e-02, 1.96932573e-02,
       -9.48385149e-03, 5.62733738e-03, 1.64333098e-02, 3.33711877e-02,
       5.71905971e-02, 2.04382576e-02, 4.56097312e-02, 2.90450100e-02,
       -2.12280694e-02, 2.29347381e-03, -1.34284282e-03, -1.11963945e-02,
       -9.87438299e-03, 1.31265186e-02, 4.17084619e-02, -1.41703908e-03,
       3.99048403e-02, 3.55919041e-02, -4.27537076e-02, -5.11129387e-03,
       -2.01496743e-02, -1.93740185e-02, -2.13126019e-02, 2.07984168e-03,
       1.90477986e-02, -1.28427874e-02, -9.76940393e-02, -3.18416283e-02,
       -5.63427433e-02, -5.38530722e-02, -3.16694118e-02,
       -3.97056416e-02, -2.25744173e-02, -4.44003940e-02,
       -3.78238633e-02, -7.72806257e-02, -7.21985996e-02,
       -6.13210723e-04, -6.26109764e-02, -4.82799187e-02,
       -4.18928601e-02, -1.57766547e-02, -2.67733969e-02,
       -6.18018247e-02, -3.00265830e-02, -6.52907491e-02, 2.21269485e-02,
       3.14385369e-02, -5.57395667e-02, -2.58716382e-02, -1.96444336e-02,
       -1.40309390e-02, -4.69947532e-02, -5.26122563e-02,
       -9.01159365e-03, -1.34847136e-02, 1.69894323e-02, 2.25272421e-02,
       -8.92694592e-02, -3.45748924e-02, -4.88798358e-02,
       -4.11996990e-02, -4.74326313e-02, 2.78688874e-03, 7.15367645e-02,
       1.40836596e-01, 3.13828401e-02, 2.15531401e-02, -5.90438619e-02,
       -4.46461216e-02, -5.08427992e-02, -4.10012826e-02, 1.98582355e-02,
       1.05009705e-01, 1.88481435e-01, 3.21142763e-01, 6.88914582e-02,
       5.57383150e-02, 3.10946675e-03, -2.07158993e-03, -3.56578305e-02,
       -9.68342181e-03, 4.93175758e-04, 1.70407607e-03, 5.10722138e-02,
       1.21993221e-01, 5.53073548e-02, 5.70781194e-02, -2.23005563e-02,
       1.54557382e-03, -4.71049957e-02, -4.22961488e-02, -3.55860889e-02,
       -1.46308048e-02, 5.00741266e-02, 3.98215093e-02, 3.68213430e-02,
       3.00146155e-02, -2.04978138e-02, -1.30287129e-02, -4.98662852e-02,
       -3.47210243e-02, -3.26020941e-02, -1.57216042e-02, 6.41706288e-02,
       4.49349508e-02, 1.11694690e-02, -5.51314000e-03, -5.94717562e-02,
       -3.58588658e-02, -4.97219227e-02, -5.95879406e-02,
       -2.45452002e-02, -1.53011782e-03, 6.35958537e-02, 4.68128063e-02,
       5.49790403e-03, 1.10402284e-03, -8.09651539e-02, -4.32778038e-02,
       -6.85406551e-02, -6.77142963e-02, -3.59874554e-02,
       -1.26184663e-02, 4.09115292e-02, 3.53794284e-02, -1.02073886e-03,
       6.09116331e-02, -2.11019833e-02, 7.04267398e-02, -6.05860278e-02,
       -2.43286043e-02, -1.03765167e-03, -1.98745728e-02, 2.15204665e-03,
       4.26482074e-02, -4.36021984e-02, 3.55640501e-02, -9.21666697e-02,
       7.95433819e-02, -1.07518710e-01, -4.49065939e-02, -1.54004237e-02,
       4.17077690e-02, 5.30858710e-02, 2.33108122e-02, -2.09713914e-02,
       9.04284697e-03, -2.75183678e-01, 1.29343867e-02, -1.37083828e-01,
       -9.13554803e-02, 1.21582104e-02, 6.27046451e-02, 3.71370763e-02,
       -4.42016572e-02, 7.63013586e-02, 6.22052327e-03, 4.96314652e-02,
       5.24325296e-02, -5.42027131e-03, -1.18052838e-02, -1.85163002e-02,
       4.81399782e-02, 6.27438650e-02, -8.52100775e-02, 2.97513325e-04,
       -8.42081308e-02, 1.98304635e-02, -2.96346117e-02, -8.60422924e-02,
       -2.44229808e-02, -4.52465974e-02, -5.95943024e-03,
       -1.04025239e-03, -2.60959212e-02, -1.62284523e-02,
       -4.63671945e-02, 2.22951509e-02, 6.99864607e-03, -2.43680608e-02,
       -9.18303431e-06, -1.82057247e-02, -9.18230489e-06,
       -4.50261636e-03, -9.37152188e-03, 6.01385348e-03, -7.17451721e-02,
       4.54121456e-02, 1.58468559e-02, -2.89527196e-02, -3.75492964e-04,
       -3.21261697e-02, -1.20160566e-03, 4.73594628e-02, 4.62389737e-02,
       -1.87124871e-02, -6.23682030e-02, 1.01530254e-02, 1.31272106e-02,
       -7.36391824e-03, -9.18223031e-06, -4.73208725e-03, 2.62357835e-02,
       5.63794486e-02, 5.31242266e-02, 4.32527699e-02, -9.59844980e-03,
       1.87178981e-03, 5.51492125e-02, -3.72309377e-03, -1.23771820e-02,
       2.62858402e-02, 6.34640977e-02, 9.83442068e-02, 5.34892231e-02,
       4.03791368e-02, -1.90815330e-02, -2.32935399e-02, 7.18589723e-02,
       1.05740186e-02, -8.98049027e-03, 2.39140168e-02, 3.61271612e-02,
       8.94898474e-02, 3.56558077e-02, -2.82382332e-02, 3.36169973e-02,
       -2.30029933e-02, 6.84129149e-02, -7.33299106e-02, -3.71517204e-02,
       7.17387255e-03, -1.13516739e-02, 2.83177979e-02, 6.91089928e-02,
       -7.08061308e-02, 8.49152543e-03, -9.41613540e-02, 7.73774311e-02,
       -1.20518155e-01, -5.73458001e-02, -6.93307305e-03, 5.03816307e-02,
       7.92232156e-02, 4.93853763e-02, -6.62383623e-04, 2.90568769e-02,
       -2.77649134e-01, 1.04863625e-02, -1.23561330e-01, -7.75461420e-02,
       2.87374780e-02, 7.88357556e-02, 8.34338143e-02, 2.43796036e-03,
       9.65202376e-02, 2.65308972e-02, 4.73070554e-02, 5.00858687e-02,
       1.77953951e-03, -4.04629484e-02, -2.09681666e-03, 6.47464097e-02,
       1.08991623e-01, -3.88586670e-02, 2.49666385e-02, -5.98656833e-02,
       4.04941589e-02, -9.06586368e-03, -1.00618035e-01, -9.25727487e-02,
       -5.70255853e-02, -5.33448048e-02, -4.19592485e-03,
       -2.91041248e-02, 7.90422782e-03, -2.18993202e-02, 4.28822488e-02,
       3.37238237e-02, -4.51877341e-02, -5.29008433e-02, -2.58612707e-02,
       -5.58837736e-03, -3.45674437e-03, -4.99260705e-03, 2.37321034e-02,
       -5.38396500e-02, 3.36968563e-02, 1.02315508e-02, -7.61490464e-02,
       -4.75702286e-02, -3.12359072e-03, 2.46839039e-02, 4.57650460e-02,
       4.46314663e-02, -6.84928382e-04, -4.44533601e-02, -1.63995195e-03,
       7.49625266e-03, -5.45386486e-02, -6.83947727e-02, 2.49769818e-02,
       5.52926809e-02, 5.75157851e-02, 4.20654863e-02, -1.35707518e-03,
       -5.43554947e-02, -2.77364776e-02, 2.55573466e-02, -2.68510319e-02,
       -9.74496361e-03, 5.97110465e-02, 9.69099700e-02, 6.09469414e-02,
       6.50233682e-03, -4.34693694e-03, -6.40225187e-02, -5.28150760e-02,
       4.22262177e-02, -1.26014613e-02, 1.48444101e-02, 5.73555529e-02,
       1.12754382e-01, 5.20506650e-02, 4.15306771e-03, -1.07596396e-02,
       5.13081923e-02, -9.24497098e-03, 8.23991150e-02, -6.48522377e-02,
       -2.89791003e-02, 2.60542333e-02, 6.92176400e-03, 4.51186001e-02,
       8.49415809e-02, -5.32599390e-02, 2.60679033e-02, -8.02692026e-02,
       9.16086733e-02, -1.11684427e-01, -4.91853990e-02, 1.18449647e-02,
       6.81028217e-02, 9.58144888e-02, 6.61841258e-02, -3.65254618e-02,
       -6.35187281e-03, -2.54750013e-01, 3.33992019e-02, -1.17262125e-01,
       -7.12227747e-02, 3.73999365e-02, 8.76927525e-02, 7.04605803e-02,
       -1.06986817e-02, 6.10004142e-02, -8.99969973e-03, 6.97320104e-02,
       7.28908852e-02, 7.77093228e-03, -3.41612510e-02, 6.17428590e-03,
       7.28107467e-02, 9.63577554e-02, -5.18192463e-02, 7.33391289e-03,
       -7.73549303e-02, 5.04784919e-02, 7.60962954e-04, -9.38115343e-02,
       -8.57576877e-02, -4.91874702e-02, -4.52613197e-02, 2.75243819e-02,
       2.46549910e-03, -9.18593816e-03, -3.96375619e-02, 5.29623441e-02,
       4.36222963e-02, -3.83128524e-02, -4.61933613e-02, -1.81074981e-02,
       2.24273698e-03, 2.86143124e-02, 2.69635059e-02, -2.04344019e-02,
       -9.76501703e-02, -1.35470266e-02, -3.67702991e-02,
       -4.74393219e-02, -1.86110344e-02, -5.82727604e-04, 2.70722099e-02,
       5.86103871e-02, 5.73912188e-02, -4.35022227e-02, -8.71170685e-02,
       -4.68440726e-02, -3.80332880e-02, -2.57191639e-02,
       -3.95618975e-02, 2.74649747e-02, 5.78724667e-02, 7.02711865e-02,
       6.70847371e-02, -3.77294943e-02, -9.07188356e-02, -2.12109126e-02,
       3.20180245e-02, -5.43617643e-02, -3.71380821e-02, 4.27853242e-02,
       7.99988061e-02, 9.91194099e-02, 6.29244596e-02, -4.07881700e-02,
       -1.00246958e-01, -4.64396216e-02, 4.86925021e-02, -4.00871150e-02,
       -1.28207542e-02, 4.04331684e-02, 9.58693624e-02, 9.00607780e-02,
       6.05456680e-02, -1.79678962e-01, -1.99817434e-01, -7.04208985e-02,
       -8.45604613e-02, -1.21732965e-01, -1.02317981e-01,
       -6.09992668e-02, -5.11055579e-03, 2.27743238e-02, 4.31815609e-02,
       -9.52330977e-02, -6.08268231e-02, -5.26001565e-02,
       -1.12014748e-01, -1.28558919e-01, -1.56716272e-01,
       -1.16854534e-01, -3.73288989e-02, 4.81040450e-03, 6.34307414e-02,
       -1.12607390e-01, 1.60555821e-02, 5.82515411e-02, -1.20062619e-01,
       -7.87030607e-02, -7.29035959e-02, -1.03656590e-01,
       -2.31661350e-02, 1.10611487e-02, 8.58416110e-02, -1.91148415e-01,
       -6.35324221e-04, -1.32980160e-02, -1.14925377e-01,
       -2.89490316e-02, 2.10261643e-02, -5.35270981e-02, -2.22794693e-02,
       -1.17693339e-02, 4.93232682e-02, 3.72475833e-02, -1.35263698e-02,
       1.84576698e-02, -3.28168571e-02, -5.14534954e-03, 3.63281146e-02,
       -3.35584916e-02, 2.98109115e-03, -5.74112125e-02, 1.20070791e-02,
       -4.36226092e-03, 9.43329465e-03, -5.33916950e-02, -9.67416097e-04,
       -1.88105181e-02, -1.50529406e-04, -2.62777675e-02,
       -1.50529420e-04, 1.27361855e-02, 5.22185862e-03, -1.12924986e-02,
       -6.39500022e-02, 6.43546730e-02, 3.05267591e-02, 8.23896006e-03,
       -6.60866918e-03, -1.59516241e-02, -5.37286373e-03, 7.42367357e-02,
       4.69230190e-02, -5.78035638e-02, -7.64451474e-02, 1.73416119e-02,
       -1.36366393e-03, 2.08284822e-03, -1.50529420e-04, -3.60128321e-02,
       -3.25291976e-02, 7.73768201e-02, 5.23847975e-02, -3.00570633e-02,
       -2.31025293e-02, -5.71343303e-02, -2.59489417e-02,
       -2.49332003e-03, 2.18617376e-02, 2.35270336e-02, 1.24431662e-02,
       4.59439941e-02, 5.88497072e-02, -3.33524048e-02, -8.04864094e-02,
       2.37675011e-02, -1.84822343e-02, -2.05622539e-02, -1.04137771e-02,
       -1.91290537e-03, 2.54296288e-02, 2.14868579e-02, 3.91824096e-02,
       -1.19731493e-01, -1.39728501e-01, 2.88530942e-02, 1.46752670e-02,
       1.17829544e-02, 2.98304651e-02, 3.04738600e-02, 8.64911228e-02,
       9.01001990e-02, 1.10588916e-01, -3.49162258e-02, -8.33071070e-04,
       4.62040529e-02, -1.28354160e-02, 4.64732200e-03, -2.39034332e-02,
       -2.57498771e-02, 5.37693836e-02, 7.20580816e-02, 1.31039709e-01,
       -7.68157393e-02, 5.20640463e-02, 1.29096806e-01, -4.91675772e-02,
       -4.98588942e-02, -4.39579412e-02, -6.53635636e-02, 1.50133660e-02,
       9.42385942e-02, 1.68488398e-01, -1.55089483e-01, 3.57123017e-02,
       5.77198155e-02, -4.42571193e-02, -9.70719755e-02, -8.64444152e-02,
       -1.54700177e-02, 1.53779797e-02, 7.14418590e-02, 1.32168025e-01,
       2.56792828e-02, -2.50685532e-02, 8.19838494e-02, 3.07358317e-02,
       3.13655473e-03, -1.42072393e-02, 1.90589931e-02, 1.65141318e-02,
       -2.00962238e-02, 4.93648835e-02, -1.59953889e-02, -2.21514585e-03,
       1.01505704e-02, 5.48642129e-02, -1.01694902e-02, -7.30725192e-03,
       2.23780889e-02, 2.19183061e-02, 3.89714390e-02, 2.12353542e-02,
       4.11184691e-02, -1.18004382e-02, 6.91620111e-02, 2.78180316e-02,
       1.44164776e-02, -7.59041030e-03, 1.67946406e-02, 2.62418818e-02,
       6.19261339e-02, 3.45777348e-02, -5.49447350e-03, -2.40717940e-02,
       2.21665576e-02, -4.03984543e-03, 8.36883020e-03, 1.15142902e-02,
       -2.70734588e-03, 1.14369206e-04, 6.55615106e-02, 3.41812819e-02,
       -1.82120297e-02, -1.13677699e-02, -7.19248205e-02,
       -4.07121666e-02, 1.85368326e-03, 4.83675511e-04, -3.17050181e-02,
       -4.28745821e-02, 9.32126213e-03, 6.19041733e-02, -2.19288785e-02,
       -6.83349445e-02, 9.23805591e-03, -3.31190638e-02, -1.62921101e-02,
       -4.43028770e-02, -5.71198910e-02, -4.22410071e-02,
       -1.50790950e-02, 3.64609584e-02, -1.46424815e-01, -1.66827947e-01,
       -2.23815348e-02, -3.57899927e-02, 1.29024964e-02, 3.20184156e-02,
       -4.76173498e-02, 7.20500015e-03, 7.56942034e-02, 9.51881111e-02,
       -6.22472763e-02, -2.74963155e-02, -3.97025794e-03,
       -6.31802976e-02, 6.08937535e-03, -2.19727978e-02, -1.03467405e-01,
       -2.42512226e-02, 5.78629524e-02, 1.16770200e-01, -1.14084505e-01,
       1.54640451e-02, 1.51946515e-01, -2.59411298e-02, -9.96021181e-03,
       -3.96051724e-03, -5.41912094e-02, 2.60411333e-02, 1.02061797e-02,
       8.51217806e-02, -1.92732304e-01, -1.93566491e-03, 8.05104449e-02,
       -2.14036461e-02, -5.76222204e-02, -4.64510061e-02,
       -4.08505509e-03, 2.64968220e-02, -1.22018093e-02, 4.86996993e-02,
       5.54880314e-02, 5.78575581e-03, 3.55968326e-02, -1.58433300e-02,
       2.75405981e-02, 1.04047619e-02, 1.30029041e-02, 1.01793371e-02,
       -1.45927966e-02, 5.45383506e-02, 1.41276075e-02, 2.85282228e-02,
       -3.60809229e-02, 8.58340599e-03, 1.45604797e-02, 1.72335468e-02,
       1.61942746e-02, 1.54715804e-02, 4.38279621e-02, 2.58340519e-02,
       5.09306714e-02, -1.53456815e-03, 2.65828185e-02, -1.51723512e-02,
       3.23821753e-02, 1.00287218e-02, 4.72390354e-02, 5.70768267e-02,
       8.77678469e-02, 6.02765083e-02, 3.83955077e-03, -1.42405992e-02,
       -2.12426335e-02, -4.71834242e-02, 2.59689838e-02, 2.92402934e-02,
       2.77861226e-02, 3.08350213e-02, 9.15603116e-02, 4.51473184e-02,
       3.07431212e-03, 8.56838562e-03, -5.56629300e-02, -2.45818980e-02,
       -4.70673963e-02, -4.83111478e-02, -8.06945283e-03,
       -1.92253143e-02, -4.26236168e-02, -1.23725086e-02,
       -1.65217277e-03, -4.83267531e-02, 2.52162479e-02, -1.70801152e-02,
       -6.49567842e-02, -9.29530114e-02, -3.35719883e-02,
       -1.87380780e-02, -6.69934973e-02, -3.78096029e-02, 4.54793312e-03,
       -3.39936349e-03, 9.62005090e-03, 1.50102796e-02, 3.42326947e-02,
       3.72362882e-02, 4.57923673e-02, 4.20714319e-02, 4.97781821e-02,
       6.10318780e-02, 2.93395277e-02, 1.44304112e-02, 1.03556141e-02,
       -5.61889843e-04, 1.99857298e-02, 1.88723654e-02, 2.17165034e-02,
       2.29058620e-02, 3.62308659e-02, 5.18870354e-02, 4.68920097e-02,
       3.58411074e-02, 4.07149903e-02, 5.06847817e-03, 1.97355691e-02,
       1.47199854e-02, 1.69937462e-02, 1.85488518e-02, 3.79659124e-02,
       5.68401739e-02, 4.43757996e-02, 4.26665768e-02, 7.88163766e-03,
       -5.23670623e-03, -9.88130691e-04, -9.33038129e-04, 2.73532583e-03,
       4.05241223e-03, 9.80329793e-03, 2.84872893e-02, 5.68786040e-02,
       4.86356206e-02, 1.54463490e-02, 8.23112112e-03, 9.64411721e-03,
       1.54953625e-03, 3.70652974e-03, -6.68837922e-04, 4.03020717e-03,
       6.96769962e-03, 5.47821522e-02, 4.21797372e-02, 1.10466769e-02,
       4.49363235e-03, 2.43311608e-03, 3.65626111e-05, 1.84120063e-03,
       3.65634187e-05, 3.73261794e-03, 1.40955439e-03, 5.07017896e-02,
       4.05538715e-02, 1.02153849e-02, 4.09682468e-03, 6.18241727e-03,
       1.01484789e-03, 6.96257874e-03, 2.99664261e-03, 5.31528704e-03,
       1.14553666e-03, 5.44570386e-02, 3.93847153e-02, 1.07983388e-02,
       3.92719358e-03, 3.61582893e-03, 3.65625201e-05, 4.88418341e-03,
       8.89903458e-04, 4.85289004e-03, -1.41521450e-03, 5.24299592e-02,
       3.89139429e-02, 1.00601129e-02, 1.75903388e-03, 1.90464535e-03,
       1.24848110e-03, 2.36307478e-05, -4.68008080e-03, -4.34163678e-03,
       -2.41652899e-03, 5.38760126e-02, 4.12384160e-02, 2.07906477e-02,
       3.94301116e-03, 2.80170119e-03, 5.06431097e-04, -1.14840770e-03,
       -2.56419298e-03, -3.96211632e-03, -1.59058580e-03,
       -3.16472128e-02, -3.95726897e-02, -3.10873631e-02,
       -2.62212083e-02, -8.27436894e-03, -5.87058207e-03, 1.50643252e-02,
       1.62381977e-02, 3.99454571e-02, 4.68624085e-02, -5.47126075e-03,
       -2.14835126e-02, -2.98740212e-02, -4.15795781e-02,
       -2.10786071e-02, -2.47537885e-02, -3.60693759e-03,
       -1.95309764e-03, 2.09643934e-02, 3.53956185e-02, 2.36617005e-03,
       -9.44428984e-03, -4.38841712e-03, -4.05774787e-02,
       -3.60365808e-02, -4.10261750e-02, -1.91217083e-02,
       -1.83251537e-02, 1.04687940e-02, 2.90350951e-02, 2.30563036e-03,
       5.37992804e-04, -3.81072648e-02, -5.11467978e-02, -6.08424731e-02,
       -5.94797581e-02, -3.37163620e-02, -3.20400372e-02,
       -1.72310360e-02, -8.98452301e-04, 1.13512604e-02, 2.69018649e-03,
       -3.42373550e-02, -4.36903313e-02, -4.87789772e-02,
       -5.37008308e-02, -4.94855009e-02, -5.17205447e-02,
       -3.44392881e-02, -3.07658333e-02, 8.08610301e-03, -3.48285516e-03,
       -4.09678966e-02, -4.80124690e-02, -5.45566082e-02,
       -5.75321391e-02, -3.80225144e-02, -3.23181227e-02,
       -2.08863448e-02, -2.35665832e-02, 7.07833702e-03, -4.93234908e-03,
       -4.09360863e-02, -4.72813472e-02, -5.12556396e-02,
       -5.56269288e-02, -5.19014373e-02, -3.15388255e-02,
       -2.92885602e-02, -3.33974846e-02, 6.75666286e-03, -6.66892109e-03,
       -3.97052914e-02, -4.73672636e-02, -5.31232283e-02,
       -5.54179959e-02, -6.72578216e-02, -5.82267120e-02,
       -4.91952971e-02, -5.41771017e-02, 1.13111120e-02, -2.78479559e-03,
       -3.95768620e-02, -4.83429022e-02, -5.70276417e-02,
       -6.25581592e-02, -6.00878559e-02, -6.46701157e-02,
       -6.30576164e-02, -5.98383285e-02, 1.27348900e-02, -1.27715059e-04,
       -2.87367553e-02, -4.56728823e-02, -5.55698946e-02,
       -6.46239221e-02, -6.14319295e-02, -6.77141994e-02,
       -6.27428889e-02, -6.10060208e-02, -1.23420872e-01,
       -1.35172427e-01, -1.24956831e-01, -1.16305277e-01, 7.41190016e-02,
       7.78771788e-02, 5.76067641e-02, 5.12869395e-02, 4.89736646e-02,
       5.82087487e-02, -1.03352681e-01, -1.14234447e-01, -1.20686963e-01,
       -1.31722003e-01, 6.12150840e-02, 5.53681627e-02, 3.35787982e-02,
       3.53910774e-02, 3.42424735e-02, 4.82278839e-02, -8.78187343e-02,
       -9.94694307e-02, -9.61925387e-02, -1.31743580e-01, 4.73859534e-02,
       3.96476872e-02, 1.98026877e-02, 1.80191230e-02, 2.49429643e-02,
       4.28150892e-02, -9.17737931e-02, -9.37291756e-02, -1.28365263e-01,
       -1.45425394e-01, 2.05714609e-02, 2.32143067e-02, 5.78989834e-03,
       6.62350375e-03, -6.68815046e-04, 1.61322299e-02, -8.57784525e-02,
       -8.96524340e-02, -1.33292466e-01, -1.39430672e-01, 3.30754258e-02,
       2.73222364e-02, 2.07268801e-02, 1.64946802e-02, -1.94452400e-03,
       1.75807637e-03, -8.63992050e-02, -9.94295105e-02, -1.35511518e-01,
       -1.41973361e-01, 2.58050244e-02, 2.34216210e-02, 3.18196267e-02,
       3.75173949e-02, 1.29618309e-02, 8.25652294e-03, 4.37444280e-04,
       -1.12932520e-02, -4.47922088e-02, -5.34344427e-02, 2.74787024e-02,
       1.93320811e-02, 1.61933918e-02, 3.68421972e-02, 3.58708166e-02,
       3.21958922e-02, 8.74264687e-02, 7.58000240e-02, 3.93114574e-02,
       3.28969359e-02, 2.21081432e-02, 2.11921614e-02, 1.60139333e-03,
       1.09940022e-02, 1.57807600e-02, 9.92100500e-03, 8.81379656e-03,
       -6.25531003e-03, -4.81605157e-02, -5.61358705e-02, 1.91254482e-01,
       1.84427351e-01, 1.76898777e-01, 1.71872497e-01, 1.60167307e-01,
       1.62244290e-01, 7.03897141e-03, -4.98170871e-03, -3.67549472e-02,
       -5.31206615e-02, 1.93291709e-01, 1.83904812e-01, 1.73577160e-01,
       1.67986751e-01, 1.61360204e-01, 1.61593184e-01, -3.65118198e-02,
       -4.28186469e-02, -4.09109369e-02, -3.84530947e-02,
       -5.89571819e-02, -5.49319461e-02, 6.00494966e-02, -3.70829329e-02,
       -3.24352756e-02, -2.71105915e-02, -1.94535255e-02,
       -1.52225504e-02, -3.38043980e-02, -3.23193632e-02,
       -5.07578403e-02, -5.57478257e-02, 6.04903363e-02, 5.90545125e-02,
       6.26471937e-02, 6.59851879e-02, -2.31187828e-02, -2.14037672e-03,
       -2.65763402e-02, -3.05793956e-02, -4.30685729e-02,
       -4.51386832e-02, -2.31633242e-02, -2.97094081e-02,
       -2.93428935e-02, -3.00078746e-02, -2.62422152e-02,
       -4.20836965e-03, -3.02406750e-03, -1.90684404e-02,
       -1.60326567e-02, -1.57023389e-02, -3.42469849e-02,
       -3.36801223e-02, -3.13305557e-02, -4.24417667e-02,
       -1.32930074e-02, -1.82684474e-02, -5.38240187e-03,
       -1.31977862e-02, -1.49325589e-02, -8.35083704e-03,
       -2.75685154e-02, -2.82386802e-02, -3.63536626e-02,
       -4.02382426e-02, -2.32562758e-02, -1.41118011e-02,
       -1.54597620e-02, -3.33097391e-03, -6.14663865e-03,
       -2.18589744e-03, -6.60633948e-03, -2.18589511e-03,
       -6.79914199e-04, -4.65848530e-03, -2.23533697e-02,
       -2.54344903e-02, -1.94641660e-04, -1.27834780e-03,
       -5.07206889e-03, -2.76528206e-03, -8.57510045e-03,
       -4.38585505e-03, 8.04803334e-03, 8.01510829e-03, -2.36734077e-02,
       -2.35649664e-02, -7.49164587e-03, -3.89170228e-03,
       -4.02285764e-03, -2.18589418e-03, -8.56425986e-03,
       -4.09580301e-03, 1.03399418e-02, 8.70981533e-03, -1.91378854e-02,
       -1.26248132e-02, -1.49758039e-02, -3.56211234e-03,
       -7.15854159e-03, -1.48430222e-03, -4.81320219e-03,
       -5.93546021e-04, 5.51397912e-03, 9.33931768e-03, -2.13574097e-02,
       -2.14005522e-02, -7.79264886e-03, -8.29780591e-04,
       -7.37774698e-03, -4.68555745e-03, -7.00628664e-03,
       -5.65770431e-04, 3.54820397e-03, 5.51131554e-03, -2.30507497e-02,
       -2.72550024e-02, -2.49926969e-02, -2.19409596e-02,
       -3.62774879e-02, -3.50267887e-02, 4.39041443e-02, -4.88898568e-02,
       -3.01488861e-02, -2.32682005e-02, -3.33320093e-03,
       -1.24581231e-04, -1.20297475e-02, -1.21415900e-02,
       -3.17953639e-02, -3.63706015e-02, 4.36298810e-02, 4.46268022e-02,
       6.13299161e-02, 6.53439164e-02, -1.02214226e-02, 1.38220331e-02,
       -7.18336366e-03, -9.98855755e-03, -2.70867199e-02,
       -2.93464921e-02, -3.44731994e-02, -4.11764793e-02,
       -2.54584383e-02, -2.40655001e-02, -1.17049823e-02, 1.33614223e-02,
       1.63826179e-02, 1.60609256e-03, -1.26908626e-02, -1.94392186e-02,
       -4.55098450e-02, -4.53962721e-02, -2.64131203e-02,
       -3.37230749e-02, 5.85132628e-04, -6.68915221e-03, 1.54850120e-02,
       9.67371371e-03, 6.27767527e-04, -3.85504030e-03, -2.97256503e-02,
       -3.83522175e-02, 1.46830693e-01, 1.44429550e-01, -1.21253869e-02,
       -2.26255762e-03, 7.01869652e-03, 1.80466995e-02, 8.05966929e-03,
       7.42567517e-03, -1.92038745e-01, -1.82107426e-02, 8.34633072e-04,
       -6.41917717e-03, -3.45351850e-03, -6.94710668e-03, 1.85495503e-02,
       1.57458019e-02, 1.10453535e-02, 1.20360535e-02, -2.75428593e-01,
       -9.89029706e-02, -7.17766285e-02, -7.27484375e-02,
       -8.38666130e-03, -4.73489007e-03, 1.09232934e-02, 1.29377786e-02,
       1.15645183e-02, 1.18624186e-02, -2.67482430e-01, -2.71267205e-01,
       -2.22896859e-01, -2.24686474e-01, -1.09710461e-02,
       -4.68593673e-04, -2.08271598e-03, 9.91624501e-03, 1.25179542e-02,
       1.55741293e-02, 1.47271985e-02, 1.85938608e-02, 2.29438990e-02,
       2.90720388e-02, -1.13373110e-02, -1.06523028e-02, 6.19307440e-03,
       1.38016166e-02, 1.24255754e-02, 1.30750062e-02, 1.25909271e-02,
       2.01227758e-02, 2.07397956e-02, 2.67379228e-02, -1.87903189e-03,
       -1.07869552e-02, -6.89686928e-03, -6.22146903e-03,
       -3.38605940e-02, -3.43202800e-02, 1.03923351e-01, 4.26035887e-03,
       -6.73299050e-03, 6.90764934e-03, 1.68062411e-02, 2.09629275e-02,
       6.20348798e-03, 6.38680905e-03, -2.60977000e-02, -2.91563496e-02,
       9.92499813e-02, 9.25667211e-02, 8.84016231e-02, 8.87520686e-02,
       4.48136218e-03, 2.65482776e-02, 1.90023594e-02, 1.15987081e-02,
       -1.98019482e-02, -1.99602172e-02, 2.57508066e-02, 2.20677610e-02,
       -1.10920900e-02, -7.22008105e-03, 9.65271611e-04, 2.70361360e-02,
       3.95285636e-02, 2.74629556e-02, -5.95492730e-03, -1.06204906e-02,
       1.39239337e-02, 1.74578167e-02, -8.08369182e-03, -2.00105924e-02,
       2.05770843e-02, 2.19816212e-02, 3.60472836e-02, 2.74889432e-02,
       8.97008833e-03, 5.89774596e-03, 3.98442261e-02, 3.00042462e-02,
       1.69852525e-01, 1.65651381e-01, 1.48434676e-02, 2.05420088e-02,
       2.70197373e-02, 3.61905880e-02, 1.44102573e-02, 1.73250269e-02,
       -1.23556502e-01, 5.16642779e-02, 2.32091304e-02, 1.48657411e-02,
       1.13224024e-02, 1.30957253e-02, 2.38339957e-02, 2.04473976e-02,
       2.14872286e-02, 2.32385006e-02, -2.63364166e-01, -8.61368850e-02,
       -6.28913864e-02, -6.27600849e-02, 3.08474363e-03, 1.82201108e-03,
       8.52501858e-03, 1.03469752e-02, 2.15179771e-02, 2.21172664e-02,
       -2.56978482e-01, -2.59335101e-01, -2.13390097e-01,
       -2.17056185e-01, 4.37649805e-03, 1.30926026e-02, 1.72284693e-02,
       2.71800961e-02, -4.74923104e-03, -2.78924732e-03, 8.98025557e-03,
       1.22073088e-02, 1.24760428e-02, 1.62922163e-02, 1.57734076e-03,
       6.13622461e-03, 2.34511700e-02, 3.36934626e-02, -5.00068907e-03,
       -5.99189010e-03, 8.24765489e-03, 1.49884634e-02, 7.47766811e-03,
       1.38577856e-02, 1.55719547e-02, 6.20106049e-03, 5.95860276e-03,
       3.15494696e-03, -2.48709414e-03, -2.10818928e-03, -8.78168344e-02,
       -7.78567279e-03, -2.48922920e-03, -5.53638674e-03, 3.36676277e-03,
       -1.07400641e-02, 7.35212630e-03, 7.31560262e-03, 6.69664098e-03,
       3.20118247e-03, -7.12923110e-02, 5.96625768e-02, 5.50963804e-02,
       6.09932467e-02, -3.42603074e-03, -1.45382853e-02, 3.68632283e-03,
       9.48139746e-03, 5.05591603e-03, 1.92385656e-03, -1.30948991e-01,
       -6.51187357e-03, -7.93402269e-03, -1.66646279e-02,
       -2.16273998e-04, -1.41327735e-02, 9.12818126e-03, 1.13703227e-02,
       5.47557836e-03, 3.45246401e-04, 3.64354998e-03, -1.15902657e-02,
       -1.13206003e-02, -2.63681598e-02, -2.36461833e-02,
       -9.04442742e-03, 2.14114715e-03, 6.02078903e-03, 6.86719827e-03,
       1.85131026e-03, -1.44303602e-03, -1.67182051e-02, -1.73767898e-02,
       -4.35370617e-02, -2.29528360e-02, -1.69126205e-02,
       -1.10512774e-03, -1.71654078e-03, 3.80035886e-03, 5.13751584e-04,
       3.05049424e-03, 5.13754494e-04, -6.85165505e-05, -3.47692706e-03,
       -2.26052068e-02, -1.01078544e-02, -1.13884462e-02,
       -8.43701605e-03, 1.24055718e-03, 1.34036434e-03, 5.28828101e-03,
       1.21345452e-03, -6.12429762e-03, -1.29524246e-03, -1.36708766e-02,
       -4.65021702e-03, -6.15224661e-03, -3.50908609e-03, 1.98617275e-03,
       5.13753330e-04, 5.90198673e-03, 2.73497356e-03, -8.56714416e-03,
       -3.73000023e-03, -1.79614965e-02, -1.03118308e-02, 5.54628391e-03,
       -6.83295424e-04, 1.33215543e-03, 1.04960776e-03, -4.64405725e-03,
       -7.26972427e-03, -9.48532298e-03, -4.56814934e-03,
       -1.85441058e-02, -8.46381020e-03, 2.73943268e-04, -1.14762166e-03,
       4.90662688e-03, 4.17003874e-03, -1.24611979e-04, -7.15936441e-03,
       -4.41985670e-03, -2.87843915e-03, 1.96893234e-02, 8.44915304e-03,
       -2.41647428e-03, -5.85953798e-03, -2.50215642e-03,
       -1.46947782e-02, 5.54295704e-02, 1.18120521e-01, -9.92373656e-03,
       -1.51788937e-02, 8.91589187e-03, -9.72674787e-03, -4.03007120e-03,
       2.29735300e-03, -1.11349474e-03, -1.04853930e-02, 4.85387072e-02,
       1.84920803e-01, 5.36664426e-02, 4.77216542e-02, -2.02179933e-03,
       -1.66128352e-02, -1.82804326e-03, 4.23506927e-03, 2.89094867e-03,
       1.88153354e-04, -1.43306283e-03, 1.28571987e-01, -1.66188423e-02,
       -3.84920798e-02, -1.10377662e-03, -1.59110781e-02, 6.82990067e-03,
       8.29010364e-03, 1.37806712e-02, 9.97708458e-03, 1.36835024e-01,
       1.20858207e-01, -2.86104977e-02, -4.05908190e-02, -1.52070438e-02,
       -9.88182146e-03, -6.80189719e-03, -1.00909616e-03, 5.48642687e-03,
       4.94516781e-03, 1.27437189e-01, 1.13198593e-01, 1.00510359e-01,
       7.39164948e-02, -1.46408696e-02, -1.26482658e-02, -1.11830756e-02,
       -1.14988247e-02, 4.59122891e-03, 1.49612676e-03, 9.20086633e-04,
       1.28670067e-01, -1.27285402e-02, -2.14342140e-02, -1.69415344e-02,
       -1.49175348e-02, -9.12405085e-03, -7.62401661e-03, 5.10641979e-03,
       5.26117813e-03, 2.11937912e-02, -1.41742509e-02, -7.48603046e-02,
       -7.02455118e-02, -1.63871758e-02, -8.72297771e-03,
       -2.57833139e-03, -2.69501191e-03, 4.83284378e-03, 3.22429300e-03,
       1.86610326e-01, 1.96104981e-02, -1.01865172e-01, -9.24950615e-02,
       -1.65271387e-02, -5.16742375e-03, 8.05320125e-03, 2.62961653e-03,
       4.17486951e-03, 6.48743287e-03, 7.47905672e-03, 4.66561504e-03,
       -3.33649060e-03, 9.70232068e-05, -1.39481472e-02, -2.39654025e-03,
       5.35714393e-03, 1.94037473e-03, 6.99566957e-03, 1.04800770e-02,
       1.09152691e-02, 5.69427107e-03, 2.84348871e-03, 4.19610925e-03,
       3.09062731e-02, 2.21109986e-02, 1.23568997e-02, 1.39162214e-02,
       1.86272077e-02, 1.71685256e-02, -1.94884226e-01, -1.36454552e-01,
       1.26420474e-02, 1.13148531e-02, 1.71375871e-02, 2.54560402e-03,
       1.11818640e-02, 8.23956542e-03, 2.50643902e-02, 2.22292542e-02,
       -1.84368730e-01, -3.77531350e-02, 8.04263800e-02, 8.25489387e-02,
       3.93888727e-03, -6.76805107e-03, 9.10632871e-03, 5.19901933e-03,
       3.41403075e-02, 2.42974684e-02, -2.36717656e-01, -1.11532196e-01,
       1.80872343e-02, 1.67457126e-02, 5.87307895e-03, -6.80243596e-04,
       5.54824993e-03, 9.04760230e-03, 3.76103185e-02, 3.19713801e-02,
       -1.02710761e-01, -1.19511954e-01, 1.96522772e-02, -8.82363040e-03,
       -1.16453571e-02, -9.98384133e-03, 1.22556640e-02, 1.33035015e-02,
       3.08389049e-02, 3.21330242e-02, -2.51327068e-01, -2.68495500e-01,
       1.32863998e-01, 1.06707476e-01, -1.04961591e-02, -9.19386372e-03,
       2.04743608e-03, 3.31805507e-03, 3.14157493e-02, 2.90790275e-02,
       -3.81592005e-01, -2.56348312e-01, 1.49815856e-02, 5.81832882e-03,
       -1.74541457e-03, 4.90686856e-04, 2.31845025e-02, 2.19972990e-02,
       3.01362108e-02, 3.59088778e-02, 5.20797856e-02, 2.01774202e-02,
       -5.16073853e-02, -4.53659929e-02, 1.42786000e-02, 8.63119215e-03,
       3.37675884e-02, 3.63128558e-02, 3.10533717e-02, 3.28605324e-02,
       2.15325773e-01, 5.28866537e-02, -7.81473294e-02, -7.02510923e-02,
       3.38425557e-03, 8.99985898e-03, 3.33781131e-02, 2.46929321e-02,
       5.80303520e-02, 6.38628528e-02, 5.29942550e-02, 4.91333902e-02,
       4.44957539e-02, 4.77253944e-02, 5.38310222e-03, 1.92629844e-02,
       2.78483536e-02, 2.09568553e-02, 6.19085506e-02, 6.73506856e-02,
       5.71995527e-02, 5.15527725e-02, 5.10798991e-02, 4.98438999e-02,
       -9.59997848e-02, -7.76348189e-02, -1.56128369e-02, 1.06485188e-02,
       2.03922801e-02, 2.64954623e-02, 2.36162432e-02, -2.88909464e-03,
       -3.33143510e-02, -1.82705857e-02, -1.01690255e-01,
       -9.67223644e-02, -1.16232313e-01, -8.15464854e-02, 8.60837288e-03,
       3.82050723e-02, 4.65542451e-03, -1.26519240e-03, -2.47381479e-02,
       -4.55953591e-02, -1.85632072e-02, -1.09961025e-01,
       -1.38583198e-01, -1.04766384e-01, -1.01685435e-01,
       -5.56116067e-02, 8.01593997e-03, 6.41339412e-03, 4.17473400e-03,
       -3.30013111e-02, 8.29929393e-03, -5.99593371e-02, -1.46038696e-01,
       -1.15314722e-01, -1.29635468e-01, -1.37102947e-01,
       -1.15598872e-01, -3.50765651e-03, 1.85469317e-03, 2.26735566e-02,
       -2.12821420e-02, -4.82542738e-02, -1.36573568e-01,
       -1.28156811e-01, -1.34037882e-01, -1.42278284e-01,
       -1.14680178e-01, -1.01523317e-01, -8.59031528e-02,
       -6.48611933e-02, 1.05338339e-02, -5.24851903e-02, -1.11618333e-01,
       -1.04191057e-01, -7.34978169e-02, -6.92532361e-02,
       -6.79921582e-02, -6.92532212e-02, -9.13065374e-02,
       -7.11708367e-02, 2.28766329e-03, -5.88206984e-02, -1.36005193e-01,
       -1.07829563e-01, -1.06741719e-01, -7.53969774e-02,
       -1.22397766e-01, -9.99172181e-02, -1.49699762e-01,
       -1.16026945e-01, -5.01014665e-03, -6.96987510e-02,
       -1.26961529e-01, -1.04896232e-01, -1.05501696e-01,
       -6.92532510e-02, -1.21498905e-01, -9.39411819e-02,
       -1.41119704e-01, -9.76401642e-02, 3.76602518e-03, -5.58751859e-02,
       -1.17735036e-01, -1.26921713e-01, -1.13554686e-01,
       -8.55221376e-02, -1.27858505e-01, -8.78266916e-02,
       -1.21157236e-01, -9.10802707e-02, 2.94688134e-03, -3.23219635e-02,
       -1.32448584e-01, -1.31068110e-01, -1.35216206e-01,
       -8.31229836e-02, -1.16936147e-01, -8.28720033e-02,
       -1.23932384e-01, -8.38522613e-02, -5.55471657e-03, 3.86369438e-03,
       -1.43747702e-02, -5.01601317e-04, 3.08273770e-02, 2.30859593e-02,
       9.68793314e-03, 3.40695828e-02, 1.61089171e-02, -8.70047975e-03,
       -3.01702693e-02, -1.23626497e-02, -2.78905537e-02,
       -2.05681175e-02, -1.46550918e-03, 1.13280592e-02, 1.73195153e-02,
       -9.12813749e-03, -7.31959986e-03, -2.50233002e-02, 3.18206064e-02,
       -2.13643815e-02, -5.97686656e-02, -1.52943740e-02,
       -1.70908344e-03, -1.53042320e-02, -1.53169166e-02,
       -1.27702951e-02, 1.60030145e-02, 5.62170194e-03, 5.11935949e-02,
       -9.19451192e-03, -6.27503619e-02, -3.64895426e-02,
       -2.86742263e-02, -2.26118062e-02, -1.29361469e-02,
       -8.95197503e-03, -2.49590930e-02, -4.81957803e-04, 9.01492685e-03,
       2.81134504e-03, -4.45417054e-02, -4.64053191e-02, -4.57972847e-02,
       -3.98883484e-02, -2.14294251e-02, 3.76484869e-03, -2.16833837e-02,
       -2.27653957e-03, 2.54493915e-02, -9.89504973e-04, -2.25576907e-02,
       -4.03794125e-02, -4.51535992e-02, -3.97317633e-02,
       -6.28275238e-03, -3.80700640e-02, -4.97281253e-02,
       -2.86720227e-02, 1.96124930e-02, 7.35001056e-04, -4.33995090e-02,
       -3.59069444e-02, -4.95670214e-02, -5.03133982e-02, 2.38550007e-02,
       -3.00749391e-02, -4.93974239e-02, -4.83550727e-02, 3.28360684e-02,
       -1.17140971e-02, -4.16577831e-02, -3.62259895e-02,
       -5.13938293e-02, -5.06403372e-02, 2.09196359e-02, 3.06596514e-02,
       -7.41475029e-03, -1.30609414e-02, 2.47823051e-03, -7.31002353e-03,
       -2.43167188e-02, -3.29990387e-02, -4.90683801e-02,
       -5.44647612e-02, -5.11958413e-02, -4.82161120e-02,
       -5.46023361e-02, -7.32069090e-02, 3.52611579e-02, -1.32953085e-03,
       -4.49449569e-02, -3.87910865e-02, -5.10476045e-02,
       -4.72914651e-02, -5.25616929e-02, -5.20545058e-02,
       -5.36415167e-02, -7.19053447e-02, 2.38736831e-02, 4.45312560e-02,
       2.18539648e-02, -1.27877353e-03, 6.45885691e-02, 4.36993241e-02,
       1.76496990e-02, 2.79105790e-02, 3.31206992e-02, 5.55735547e-03,
       2.77229957e-02, 1.78730097e-02, 1.40076689e-02, 2.46598218e-02,
       3.93318851e-03, 2.85260379e-02, 3.60076241e-02, 1.38303554e-02,
       -1.22030138e-03, 2.09683757e-02, 5.74770495e-02, 2.13652644e-02,
       -2.71981079e-02, 6.99455198e-03, 5.18016797e-03, 4.52306233e-02,
       1.63320713e-02, 3.25777328e-05, 6.10238798e-02, 1.24187069e-03,
       6.64660037e-02, 3.95926498e-02, -3.22723389e-02, -2.50735991e-02,
       -3.71611235e-03, -3.55517142e-03, 1.57863051e-02, 5.51482998e-02,
       4.71137427e-02, 5.79708368e-02, 1.79871395e-02, 3.06506846e-02,
       -2.00995039e-02, -4.35701087e-02, -2.12729331e-02,
       -2.54749153e-02, -3.48181799e-02, 6.51469268e-03, 1.36604346e-02,
       2.33839918e-02, 5.04957289e-02, 3.45709212e-02, 1.50950626e-03,
       -3.74329463e-02, -3.63196954e-02, -1.95693430e-02,
       -2.03070343e-02, -4.82302271e-02, -1.06320865e-02, 1.31550676e-03,
       3.60204913e-02, 3.85503508e-02, -2.09720917e-02, -1.76844522e-02,
       -4.27276641e-02, -3.77852023e-02, 3.79769243e-02, -2.51657367e-02,
       -2.55048722e-02, -2.54423674e-02, 3.34800854e-02, 4.21590172e-02,
       -1.11747812e-02, -1.17607471e-02, -3.53063159e-02,
       -4.46662679e-02, 4.21278290e-02, 4.48207557e-02, 1.96280666e-02,
       1.91248506e-02, 2.51611881e-02, 1.99546218e-02, -2.11586263e-02,
       -1.81045923e-02, -1.69266220e-02, -2.09946781e-02,
       -1.99733675e-02, -2.10153349e-02, -6.17653597e-03,
       -2.07456592e-02, 4.88300808e-02, 3.73151898e-02, -3.70524973e-02,
       -2.33125668e-02, -1.70750692e-02, -7.37588992e-03,
       -2.72471383e-02, -3.03666815e-02, -5.84150851e-03,
       -1.68189388e-02, -1.35414815e-03, -1.50351953e-02, 1.84119269e-02,
       -1.68210231e-02, 1.51590463e-02, -8.50584358e-04, 4.38145315e-03,
       2.85041728e-03, 5.37240319e-02, -1.31356999e-01, 8.83362815e-03,
       -1.01896785e-02, -5.98680275e-03, 1.72382910e-02, 8.15819670e-03,
       -9.50817019e-03, -1.25157768e-02, 2.13584825e-02, -2.27609444e-02,
       -3.78536922e-03, -1.13754943e-02, -1.21408654e-02,
       -2.33679218e-03, 1.28792375e-02, 1.77987218e-02, -2.00182721e-02,
       4.83055338e-02, -5.04475571e-02, -4.78561893e-02, -1.62002333e-02,
       -1.80706494e-02, 1.50316837e-03, -7.86775723e-04, 5.66273695e-03,
       -3.53906216e-04, 9.61852726e-03, -9.02705174e-03, 1.68871451e-02,
       1.53737683e-02, 2.22003423e-02, 2.32884213e-02, -2.87274532e-02,
       -1.31189246e-02, 4.96388739e-03, 1.34244759e-03, 4.87079145e-04,
       6.07046392e-03, 1.64478179e-02, 1.13449320e-02, -1.27123045e-02,
       -2.69153491e-02, 1.75230615e-02, 6.75947173e-03, 1.00878289e-03,
       4.78582399e-04, 1.02194981e-03, 7.95722008e-04, 1.02195330e-03,
       6.27249014e-04, 5.08603174e-04, 9.73960944e-03, -1.83010604e-02,
       -4.14457312e-03, 4.16525453e-03, -3.11877718e-03, 1.06985995e-03,
       1.36830448e-03, 2.83621741e-03, 4.33873618e-03, 1.22344051e-03,
       2.86893733e-03, 1.42310252e-02, 1.66246644e-03, 4.06570826e-03,
       2.02974561e-03, 1.02195586e-03, 2.26540980e-03, 3.75576760e-03,
       3.60584212e-03, 1.14720885e-03, 6.34074863e-03, 1.54253445e-03,
       5.60317328e-03, 5.12661552e-03, 1.77422608e-03, -1.33417387e-04,
       -3.35579878e-03, 4.41091368e-03, 3.24101513e-03, 1.28386403e-03,
       -1.27921132e-02, -5.17156860e-03, -2.80497409e-03, 4.33828123e-03,
       -1.74142304e-03, 1.34641584e-03, 1.39911356e-03, 2.84433016e-03,
       4.02067462e-03, 1.28174294e-03, -1.27422521e-02, 4.61703688e-02,
       3.56621295e-03, 4.45729978e-02, -7.60330111e-02, 3.16255726e-02,
       4.89154831e-03, -1.19358152e-01, -7.17217773e-02, -8.90248045e-02,
       3.85023914e-02, 2.93818321e-02, -1.06031122e-02, -7.00057670e-02,
       -3.47267091e-02, -5.91352843e-02, -1.49878291e-02,
       -1.97709203e-02, -7.15113506e-02, 2.53739715e-01, -3.12521607e-02,
       -2.74093393e-02, 7.74618937e-03, 8.86717960e-02, 1.36492718e-02,
       -3.66731994e-02, -7.93370232e-02, 4.78812493e-03, 1.09398574e-01,
       6.02932684e-02, 2.56073661e-03, -8.58483370e-03, -2.07225345e-02,
       6.15980802e-03, 9.69656929e-03, -7.42161134e-03, -1.46302988e-03,
       4.75911014e-02, 2.75804959e-02, 3.54816355e-02, -2.10556667e-02,
       1.49994520e-02, -2.81590922e-03, -3.88340885e-03, -8.74853577e-04,
       -4.66804393e-03, 7.17418455e-03, 1.44606708e-02, 2.28604563e-02,
       1.09444791e-02, -7.76856113e-03, 4.01157327e-03, -1.90530792e-02,
       -3.93540552e-03, 5.42869978e-03, -1.69838853e-02, -2.49151643e-02,
       8.75650160e-03, 1.11283893e-02, 6.64080447e-03, 2.19204202e-02,
       -1.04533313e-02, 1.15782088e-02, -6.87310100e-03, -5.62973972e-03,
       -7.48873502e-03, 1.93593092e-02, 3.43231112e-03, -1.42117301e-02,
       -1.46113848e-02, 4.46399078e-02, -8.50476499e-04, 1.12153850e-02,
       1.60974881e-03, 8.79151397e-04, -2.07810532e-02, 6.46618195e-04,
       1.46320648e-02, -8.49327352e-03, -1.11814402e-02, -4.88183163e-02,
       -6.37824088e-03, -1.34707540e-02, 3.31405550e-03, -4.22286568e-03,
       -1.46897398e-02, 8.48044641e-03, 4.90009878e-03, -1.19519013e-03,
       -3.57928453e-03, 5.90044633e-02, 1.54738575e-02, -2.15380620e-02,
       9.11968877e-04, -1.09511679e-02, -1.59723479e-02, -1.15031581e-02,
       5.95316663e-03, 2.72946083e-03, -1.91353913e-03, 1.72796063e-02,
       -1.25442997e-01, -1.73604906e-01, -1.36479586e-02, 7.24837855e-02,
       2.73657858e-01, 1.22402169e-01, 1.79096699e-01, 1.69123858e-01,
       -3.08280826e-01, 1.19736850e-01, -9.78588611e-02, 6.87628314e-02,
       -6.88521639e-02, 8.03415999e-02, -9.21494514e-02, -1.13064684e-02,
       7.09286481e-02, 2.90038288e-01, -3.14303964e-01, 3.01555153e-02,
       4.72080447e-02, -5.15619479e-02, 4.05907147e-02, -3.38316225e-02,
       -4.42221761e-02, -2.01848760e-01, 1.24525025e-01, -1.19578473e-01,
       -1.49010032e-01, -3.39116305e-02, 1.43139392e-01, 6.63070083e-02,
       -1.09896148e-02, 2.51352843e-02, 6.25316650e-02, 4.01542298e-02,
       6.58572391e-02, -4.57186438e-02, -5.94897121e-02, 9.98050645e-02,
       5.49743325e-02, -1.30614135e-02, 9.49708745e-02, -2.50521358e-02,
       9.35863890e-03, 1.27335265e-02, -2.81243287e-02, -1.17844958e-02,
       -1.66557016e-04, -8.58964920e-02, 6.47686869e-02, 7.27030262e-02,
       -3.66628356e-02, 3.27177159e-02, 4.15673852e-03, -3.91668752e-02,
       -3.19804847e-02, -3.52450758e-02, 1.07240276e-02, -9.46596563e-02,
       -9.16283727e-02, -7.51492381e-02, -4.98709269e-03,
       -1.97414104e-02, -5.77741265e-02, 8.87115300e-02, -3.43410969e-02,
       -4.14634906e-02, 3.24438736e-02, 1.49557255e-02, -1.74921751e-02,
       -7.24135563e-02, 1.59870498e-02, -3.15362168e-03, -3.51107791e-02,
       3.99906002e-02, 1.20785348e-02, 1.22739729e-02, 1.08222207e-02,
       5.62167987e-02, -4.43367101e-02, 3.14952731e-02, 2.93273572e-02,
       2.22468153e-02, 1.13389324e-02, -4.82258067e-04, 1.67960450e-02,
       1.41946189e-02, -1.70538202e-02, 5.50049078e-03, 5.08796284e-03,
       4.07490879e-02, -4.97747138e-02, 1.37679111e-02, -1.69943869e-02,
       -4.14278544e-03, 8.43875576e-03, 8.77142884e-03, -2.61933170e-02,
       -1.20052062e-02, -1.52839497e-02, -9.62434895e-03,
       -1.59195568e-02, -2.04240754e-02, -5.84651455e-02, 6.74938187e-02,
       -7.20505975e-03, -6.70162961e-02, 5.28430827e-02, -1.66935753e-02,
       2.07975251e-03, 3.68306739e-03, -4.83419280e-03, -2.19075009e-05,
       -9.48883034e-03, -2.07175501e-03, 9.49493349e-02, 2.77529377e-02,
       -2.69994438e-02, -2.07146257e-02, 6.83645438e-03, 7.97306933e-03,
       4.33629891e-03, -1.29743926e-02, -2.46183714e-03, -1.58352163e-02,
       9.46995802e-03, -1.08383652e-02, 1.00904308e-01, 8.77766032e-03,
       -4.23649326e-02, 3.01317801e-03, -4.92224004e-03, 2.48470134e-03,
       3.23998788e-03, 2.03913338e-02, 4.32895217e-03, -3.28333527e-02,
       -1.71211176e-02, 3.31128724e-02, 1.13690458e-02, -8.29440542e-03,
       -6.57338230e-03, -1.69100869e-03, -4.88871895e-03, 2.89453543e-03,
       -1.10567380e-02, -2.72126999e-02, -1.80020183e-03, 2.81540882e-02,
       -1.08505273e-02, -6.60302537e-03, -3.39163584e-03,
       -1.97117706e-03, -1.93908822e-03, -2.86912126e-03,
       -1.93908368e-03, -1.50753523e-03, -3.00849415e-03,
       -6.66509988e-03, 3.42616811e-04, -8.08315352e-03, -5.93923079e-03,
       2.07301346e-04, -2.66138115e-03, -4.79834853e-04, -6.41201250e-03,
       -7.27278274e-03, -2.16895039e-03, -2.79519409e-02,
       -3.35737690e-03, 5.35037834e-05, -7.08057173e-03, -1.04741391e-03,
       -1.93908811e-03, -3.96085531e-03, -5.47937816e-03,
       -7.37692323e-03, -1.14765356e-03, -1.56711936e-02, 2.57543009e-03,
       -3.53103643e-03, -2.53779907e-03, -4.39579831e-03,
       -1.57120376e-05, -3.59833334e-03, -5.17809577e-03,
       -4.38084686e-03, -1.76092144e-05, -4.00213040e-02, 1.56498961e-02,
       -8.24996736e-03, -7.77728949e-03, -2.63964152e-03,
       -1.63892377e-03, -7.97063857e-03, -3.72534012e-03,
       -1.91472890e-03, -7.18276307e-04, 3.02947983e-02, 2.74993591e-02,
       -3.65839377e-02, -4.11950834e-02, 1.74753033e-02, 2.99555250e-04,
       6.04014359e-02, -7.87118450e-03, -1.48534775e-01, 7.08443969e-02,
       3.28316540e-02, 2.40293406e-02, 1.00611476e-03, 7.99808875e-02,
       8.35566223e-03, 1.09673537e-01, 8.82214010e-02, -3.85475717e-02,
       6.74741864e-02, 1.56585306e-01, -1.89879090e-02, -4.51025739e-03,
       3.81006226e-02, -2.95217931e-02, -1.22600859e-02, -1.11100171e-02,
       -2.96432767e-02, 6.78092837e-02, 4.38346341e-02, -1.47651453e-02,
       -4.28327248e-02, 4.02514823e-04, 4.72659320e-02, 1.49086211e-02,
       -1.53119024e-02, 3.22320238e-02, 7.91372731e-03, 5.51445484e-02,
       -7.76473507e-02, -4.74169776e-02, -4.69229072e-02,
       -1.18928766e-02, -2.29897555e-02, 4.01735492e-03, 5.94584085e-03,
       -3.34377736e-02, -1.14430878e-02, 3.58462660e-03, 6.20353967e-02,
       2.93080118e-02, 5.56284189e-02, -7.15659410e-02, -4.88990918e-04,
       1.51253426e-02, -2.22913828e-03, 2.31199544e-02, -4.32636328e-02,
       1.73824914e-02, -1.39237894e-03, -1.31182615e-02, -2.96038780e-02,
       -8.70446395e-03, -4.00326028e-02, -3.12472209e-02,
       -1.74041372e-02, 5.22930548e-03, 1.15504496e-01, 5.25538735e-02,
       -2.72025093e-02, -2.87800618e-02, -2.89246552e-02, 2.33948492e-02,
       -1.92507310e-03, -2.95508988e-02, -1.16863344e-02,
       -5.84388524e-03, -2.84259971e-02, 1.08002290e-01, -4.58556414e-02,
       -4.16018479e-02, -4.68279645e-02, -1.24189013e-04, 4.70144525e-02,
       -3.77868605e-03, 2.58634542e-03, -8.84904806e-03, -1.40063744e-02,
       -9.87915881e-03, -7.97541626e-03, -4.69652005e-03,
       -4.46432196e-02, -2.06241067e-02, -3.71775925e-02,
       -1.38509134e-02, 3.42330127e-03, -8.20012204e-03, -1.41960811e-02,
       -7.46809319e-03, -5.17769670e-03, -1.61699287e-03,
       -1.00733824e-01, 1.22946121e-01, -1.12895742e-02, -6.52443618e-02,
       -9.73746479e-02, -2.48741210e-02, 5.53518534e-04, 4.04111713e-01,
       -3.56579870e-01, 2.63956636e-01, 9.14643854e-02, 4.46300805e-02,
       -3.44942212e-02, 1.28890993e-02, 7.24400878e-02, -1.10115573e-01,
       -3.22695002e-02, -1.61943048e-01, -2.09912658e-03,
       -1.64581403e-01, -2.31438912e-02, 1.37353420e-01, -7.39477277e-02,
       7.27164838e-03, -4.67446819e-02, -1.26796469e-01, 7.34966695e-02,
       7.64176697e-02, -1.25733152e-01, 5.99926636e-02, 3.18160690e-02,
       -3.00328489e-02, 7.31328204e-02, -1.54013447e-02, 4.36172262e-03,
       -1.82664488e-02, -9.26399082e-02, -1.37344986e-01,
       -1.63214952e-02, 7.32737407e-03, -6.39344305e-02, 2.47340649e-02,
       -5.95260486e-02, 7.02557154e-03, 1.99987311e-02, 2.23242305e-02,
       2.09358446e-02, 1.07479371e-01, 9.34253782e-02, 6.46714717e-02,
       -6.91196173e-02, 3.70943267e-03, -8.74088630e-02, 4.80963960e-02,
       2.02647373e-02, -4.73784842e-02, -3.83373760e-02, 1.31972339e-02,
       4.49164957e-03, -7.22987810e-03, 7.27742724e-03, -6.12172075e-02,
       -8.52984712e-02, 2.57523041e-02, 3.42721380e-02, -9.70766321e-03,
       1.55954093e-01, 6.07414730e-02, -5.17659169e-03, -1.89779028e-02,
       -1.35042578e-01, 6.96586594e-02, -3.62311006e-02, 2.17956491e-02,
       -2.86982600e-02, 1.27736945e-02, -6.17710464e-02, 1.15646563e-01,
       -6.99970573e-02, -1.78025384e-02, 4.49089985e-03, 5.42917997e-02,
       5.03087416e-03, 2.36553047e-02, 4.34604799e-03, 4.87804459e-03,
       5.78779262e-04, -1.17287366e-02, 4.49126679e-03, 2.78625600e-02,
       1.23511888e-01, 6.99666888e-03, 2.87662558e-02, -2.83959266e-02,
       -6.46165479e-03, -9.34090093e-03, 2.47683786e-02, -5.09359990e-04,
       -1.42239034e-04, 3.51943262e-02, 2.32710037e-04, 1.21751251e-02,
       4.13980847e-03, 3.51785752e-03, -2.17147898e-02, 4.36611138e-02,
       -1.95361786e-02, -7.74885416e-02, -1.65354058e-01, 9.52518731e-02,
       2.57665850e-03, -1.21189877e-02, 4.44306526e-03, 9.13345255e-03,
       -1.39464056e-02, -1.80582777e-02, -1.92295685e-02, 3.97790521e-02,
       4.48947325e-02, -4.61270623e-02, -4.65884758e-03, -2.15803497e-02,
       -7.31752627e-03, 2.18664035e-02, 1.44969728e-02, -5.05021401e-03,
       -1.68393180e-02, -3.62074226e-02, 8.59642774e-02, 6.69229252e-04,
       -2.19306741e-02, -5.41961007e-03, 2.88128247e-03, 5.88045176e-03,
       1.12018222e-03, -9.58934310e-04, -2.60130712e-03, -2.03641988e-02,
       -2.29524206e-02, -6.67678192e-02, 1.45936096e-02, -2.32918616e-02,
       2.64683599e-03, 3.49572999e-03, 3.36636615e-04, -1.71311898e-03,
       -9.17202095e-04, -3.79214785e-03, -1.34686818e-02,
       -2.76253112e-02, 2.72922404e-02, -4.25074296e-03, -3.46871349e-03,
       -3.91707197e-03, 1.86165364e-03, -2.94738536e-04, 1.94246846e-03,
       -2.94722995e-04, -6.42753206e-04, -2.85891094e-03,
       -6.07848540e-03, -2.89500691e-02, -2.03056447e-02,
       -4.76497784e-03, -1.61413429e-03, 2.16453889e-04, -8.56478815e-04,
       6.40019425e-04, -6.97151106e-03, -2.88019748e-03, 9.41442605e-03,
       -1.37059800e-02, -1.27191711e-02, -1.12820545e-03, 2.85254093e-03,
       -2.94747704e-04, 3.08978627e-03, 2.34383577e-03, -1.06639834e-02,
       -3.12051573e-03, -7.86036905e-03, -2.44118441e-02,
       -1.77962184e-02, 8.60222382e-04, -1.03021669e-03, -1.87794416e-04,
       -4.83153155e-04, -5.33001218e-03, -1.06222527e-02,
       -4.66054678e-03, -3.89445713e-03, -1.40841575e-02, 9.79649369e-03,
       -3.32074147e-03, 1.97596825e-03, 1.73130643e-03, -4.48684674e-03,
       -4.29920014e-03, -2.97429133e-03, -3.22197168e-03, 3.47893424e-02,
       1.48312142e-02, 3.40860672e-02, 7.81413820e-03, 1.65519774e-01,
       -3.96681614e-02, -3.90547849e-02, -1.08272191e-02, 2.04188779e-01,
       7.25964680e-02, 4.05661203e-02, 8.93069152e-03, 1.78042036e-02,
       -1.80579200e-02, -3.13919294e-03, -8.42688754e-02, 1.53674670e-02,
       5.49192168e-02, -9.28413868e-02, -4.35274020e-02, -2.24383380e-02,
       2.76440922e-02, 3.60384174e-02, 4.49325629e-02, 5.00343479e-02,
       2.95088370e-03, 3.95419821e-02, 3.11930664e-02, -6.19305857e-02,
       -6.00175634e-02, 9.79577079e-02, 1.31492326e-02, 3.62890512e-02,
       8.50372296e-03, -1.62154417e-02, 1.16118956e-02, -4.76139523e-02,
       1.45505248e-02, 2.71554161e-02, -4.01693396e-02, 5.94018884e-02,
       1.16699310e-02, -7.80873001e-03, 5.67071000e-03, 2.03053616e-02,
       9.83002316e-03, -7.31729716e-03, -3.14795710e-02, 1.32283187e-02,
       1.79788508e-02, 2.65831333e-02, -1.76231023e-02, 1.05310157e-02,
       -3.68865356e-02, 5.22481045e-03, -1.33446585e-02, -2.32686810e-02,
       -9.25176218e-03, -3.01107857e-03, -6.73595816e-03,
       -8.94925520e-02, 9.46169253e-03, -1.56788751e-02, 3.05410661e-02,
       3.27247893e-03, 1.84234809e-02, 9.67542231e-02, 3.64501104e-02,
       -1.84180196e-02, -1.76061001e-02, -4.37187329e-02, 2.35729106e-02,
       1.00979507e-02, 4.17008288e-02, 2.14961600e-02, 1.15262913e-02,
       -1.43278576e-03, 1.10410079e-01, -2.46410426e-02, -2.02733781e-02,
       4.62854207e-02, 7.45580867e-02, -3.92081439e-02, -1.40752997e-02,
       -4.40292386e-03, 1.91547386e-02, 4.13178885e-03, 2.97248294e-03,
       4.08074306e-03, 1.93384534e-03, -5.12525253e-02, 3.59039903e-02,
       -8.14083312e-03, -1.06971906e-02, 1.80271007e-02, 9.69617907e-03,
       1.20353140e-02, 6.69773715e-03, 3.67389037e-03, 6.40862575e-03,
       -1.43395215e-01, -1.53414041e-01, -1.77080303e-01, 2.10690394e-01,
       4.79563810e-02, -1.56398848e-01, 2.72265226e-01, 1.10633098e-01,
       2.02288151e-01, 1.06954277e-01, -1.14896603e-01, 1.72120053e-02,
       3.27358022e-02, -1.55612333e-02, -7.64454678e-02, 2.58763023e-02,
       1.42703190e-01, 1.72335710e-02, -1.48973405e-01, -2.97371764e-02,
       -6.87919045e-03, -6.79258406e-02, -2.48857716e-04, 6.33353814e-02,
       -1.42892823e-01, -2.53921151e-02, -5.18114492e-02,
       -1.85233921e-01, -1.84953779e-01, -1.06783837e-01,
       -1.21575199e-01, 1.66008651e-01, -7.70872533e-02, 2.84026843e-02,
       -1.40890619e-02, 1.64526716e-01, -1.14008389e-01, -1.93882864e-02,
       -2.21775845e-02, 2.00484425e-01, -3.03431395e-02, -5.58911711e-02,
       9.82571021e-03, 5.46153150e-02, 3.92659102e-04, -4.35060784e-02,
       -2.97070239e-02, 1.70760080e-02, 7.38014579e-02, 6.16663285e-02,
       -1.07508197e-01, 9.00191814e-02, 8.00741464e-02, 4.12749797e-02,
       4.67893714e-03, 4.76735607e-02, -5.52915558e-02, -8.90958216e-03,
       -1.94912739e-02, -3.06615117e-03, -1.15193650e-01, 1.51214879e-02,
       -7.85438996e-03, -3.74648422e-02, 2.49288678e-02, -8.03533010e-03,
       9.62012783e-02, 3.09964661e-02, 7.49983266e-03, -3.69009264e-02,
       -5.32267429e-02, 6.01111241e-02, 3.15363379e-03, 2.30941959e-02,
       2.20361985e-02, 7.19236070e-03, -3.09089478e-02, 7.05735013e-02,
       -4.29178551e-02, -4.52447943e-02, -4.55828309e-02, 4.81345616e-02,
       1.01630474e-02, -2.02415027e-02, -3.73685779e-03, -1.41175976e-02,
       -8.22434947e-03, -1.66407991e-02, -1.57284029e-02,
       -3.87524888e-02, -9.47611034e-02, -4.59841266e-02,
       -4.35013920e-02, 8.82640406e-02, 6.05729520e-02, 3.77491452e-02,
       1.32679762e-02, -6.93733990e-03, -3.84869799e-02, -1.04611944e-02,
       1.07280596e-03, -1.77027266e-02, -3.17949872e-03, -5.51429354e-02,
       6.35617822e-02, 1.61440130e-02, 4.39901650e-02, -5.41188493e-02,
       -5.25659649e-03, 4.46577035e-02, 1.34191308e-02, -1.05935223e-02,
       -8.39364622e-03, -3.18823010e-03, 1.74228232e-02, -1.22703593e-02,
       1.10057890e-01, 6.70750290e-02, 1.98713727e-02, 4.47365977e-02,
       3.83210108e-02, -4.84971423e-03, 1.41088869e-02, 1.00768786e-02,
       1.67248901e-02, -3.83220823e-03, 1.30493916e-03, -4.12663631e-03,
       -8.81352425e-02, -6.22059219e-03, -7.32870400e-03,
       -5.98507607e-03, 7.04967417e-03, -4.14253213e-03, -8.54212884e-03,
       -1.41634606e-03, -1.32778352e-02, -2.21966952e-02, 2.06136350e-02,
       -5.46097243e-03, 2.38702931e-02, 1.31344860e-02, 3.19066015e-03,
       3.52340331e-03, 8.08140822e-03, 4.96710371e-03, -9.37962253e-03,
       -1.38646029e-02, -1.12706684e-02, -1.09655960e-02,
       -3.23474109e-02, 1.75384674e-02, -3.42781353e-03, -2.03995360e-03,
       9.96256829e-04, -4.46779304e-04, 3.03904599e-05, -4.46781312e-04,
       3.17913305e-04, -9.24507622e-04, 6.96330052e-03, 5.10230986e-03,
       6.57403900e-04, 1.80282892e-04, -8.69272044e-04, -9.55701034e-05,
       3.77106899e-03, 6.22128195e-04, -3.90019990e-03, -9.60765537e-05,
       1.45047950e-02, 1.65193398e-02, -7.92301353e-03, 6.13944314e-04,
       -1.93517783e-03, -4.46777412e-04, -7.55114539e-04, 4.86288889e-04,
       4.41351673e-03, -1.49566424e-03, -2.05826554e-02, 1.20903272e-03,
       1.33066415e-03, -6.00918022e-04, 1.53789390e-03, -9.76706360e-05,
       -2.81702005e-03, -5.12465602e-03, -8.95376503e-03,
       -2.34085252e-03, 1.07372859e-02, -1.98957184e-03, 4.52132808e-04,
       -2.26794765e-03, 3.34402779e-03, 2.64072354e-04, -5.10168029e-03,
       -3.68029973e-03, -3.01991450e-03, -1.39508955e-03,
       -7.58482143e-03, 1.36392321e-02, -5.50125502e-02, -1.86505802e-02,
       -7.93070644e-02, -9.09258202e-02, 9.28011909e-02, -1.56394148e-03,
       -8.80338326e-02, -1.45093814e-01, -2.98077352e-02, 8.70801229e-03,
       2.39361878e-02, -4.51360270e-02, 1.46988709e-03, 5.47356792e-02,
       8.89439359e-02, 1.01946756e-01, 1.17380381e-01, -6.72549307e-02,
       -2.26265304e-02, 1.71073601e-02, 3.82365033e-05, -3.50573808e-02,
       3.70311737e-02, 2.60389559e-02, 5.86712956e-02, 5.23686148e-02,
       -1.98015675e-01, 4.10998985e-02, -3.17780264e-02, 6.26766263e-03,
       -1.28065534e-02, -3.01327743e-03, -1.72663014e-02,
       -3.18489820e-02, -4.07314673e-02, -7.45353103e-02,
       -4.52323221e-02, 1.53599735e-02, 1.04135618e-01, -4.67944611e-03,
       3.51372734e-02, -2.30887681e-02, 1.77003059e-03, 2.01200116e-02,
       -7.56374886e-03, -1.20760091e-02, 5.85164204e-02, 4.87664342e-02,
       5.52398339e-02, -1.60827152e-02, -7.59209087e-03, 2.65706494e-03,
       -2.42376467e-04, 1.80759106e-03, -9.16168243e-02, -2.46791597e-02,
       -8.08960572e-03, -5.06159989e-03, -1.61283202e-02,
       -6.31841719e-02, 3.86404209e-02, -3.16407601e-03, 8.04377813e-03,
       -5.27922995e-03, 2.13627234e-01, 9.19578895e-02, -3.77520137e-02,
       -3.03032007e-02, -9.94466594e-04, 1.55473109e-02, 2.99566258e-02,
       -9.08865128e-03, -4.03872831e-03, 6.79405266e-03, -8.68884623e-02,
       2.11470976e-01, -4.97715287e-02, -4.24124785e-02, 1.22614522e-02,
       -2.92596705e-02, -6.72808383e-03, 2.10648146e-03, -1.81421340e-02,
       -7.01615121e-03, -1.38354190e-02, -5.04129147e-03,
       -6.88953418e-03, -1.74632960e-03, 6.18528239e-02, -4.61309105e-02,
       1.03553524e-03, 1.76263582e-02, -3.92761594e-03, 5.66553418e-03,
       -1.41634652e-02, -9.35788080e-03, -5.70589537e-03,
       -2.94509204e-03, 8.26145113e-02, -4.30008247e-02, -2.93631759e-02,
       -2.39016972e-02, -2.15174407e-01, -9.20650735e-02, 2.35374123e-01,
       -1.75336361e-01, 2.97379121e-02, -6.07887395e-02, 1.42539181e-02,
       -4.90596183e-02, 2.81208400e-02, -6.86369836e-02, -8.34924728e-02,
       1.74688935e-01, 4.14365716e-02, -1.49103850e-02, 1.81808248e-01,
       -2.86367862e-03, -1.80379152e-01, -3.22724401e-04, 4.28993441e-02,
       -7.82496184e-02, 4.21909690e-02, -4.11939733e-02, 5.26011661e-02,
       1.65819004e-01, 1.33076191e-01, -1.08817630e-02, -7.86490142e-02,
       -5.03374189e-02, -1.00334398e-02, 3.57278101e-02, 4.12796577e-03,
       -1.68031473e-02, 2.79788929e-03, 1.34863788e-02, -3.82835083e-02,
       -7.72211030e-02, 1.22293733e-01, 2.55041774e-02, 3.57911810e-02,
       -3.48899998e-02, -6.61392659e-02, -2.08042413e-02, 2.73835585e-02,
       -2.70526949e-02, 2.38324832e-02, -3.01758777e-02, 2.00543981e-02,
       -1.08021908e-01, -1.00289732e-02, 7.48521462e-02, 1.25030875e-02,
       2.36005243e-02, -5.52382730e-02, 3.16749215e-02, -5.53332008e-02,
       -1.25163952e-02, 8.40723515e-02, 1.10245883e-01, -1.72778051e-02,
       -1.36356195e-02, -1.70031134e-02, 1.11948792e-02, 2.40837038e-01,
       1.06345035e-01, -4.38286215e-02, -4.84489202e-02, 1.17641315e-01,
       -8.76664743e-02, 3.04849818e-02, -2.33873390e-02, 2.39153113e-02,
       -3.64252813e-02, -1.17059849e-01, 2.55462706e-01, -3.66653688e-02,
       -1.04626164e-01, -8.12646300e-02, -2.02920604e-02,
       -1.25658754e-02, -2.39258655e-03, 2.07685698e-02, -8.09200015e-03,
       -2.09039878e-02, -2.68614776e-02, -6.32853806e-03,
       -3.43640670e-02, -6.77003860e-02, 3.80825922e-02, 1.74098145e-02,
       -6.62193447e-03, -2.02206485e-02, -3.79201286e-02,
       -4.24249470e-03, 3.51380324e-03, -1.10126985e-02, -4.50777970e-02,
       -3.59539576e-02, 1.12637319e-03, 1.58975534e-02, -4.39591184e-02,
       8.28471035e-04, -2.23542955e-02, -3.25841382e-02, 1.81921571e-02,
       -1.29376829e-01, -1.80945452e-02, -1.99310645e-03,
       -1.43876607e-02, -1.34503599e-02, 2.51141358e-02, 3.02726757e-02,
       3.13947238e-02, 3.59453186e-02, -1.90172363e-02, -2.52727885e-03,
       -7.39689544e-02, -2.85970652e-03, -3.09270550e-03,
       -8.45687871e-04, -4.36078897e-03, -2.08381866e-03,
       -1.73352091e-04, 4.96153906e-03, -4.78144288e-02, 4.75962684e-02,
       3.34981736e-03, -2.31738146e-02, -1.94046441e-02, 1.92335690e-03,
       -9.96670593e-03, -3.42345634e-03, 1.10971006e-02, -1.00121880e-02,
       1.61964092e-02, -1.35049308e-02, -8.55805073e-03, -2.64536347e-02,
       3.19369929e-03, 7.56678917e-03, -3.24169197e-03, 3.85215785e-03,
       1.98387029e-03, -6.04617363e-03, 3.95685574e-03, 1.30728185e-02,
       -7.45844888e-03, -1.08159625e-03, 1.34281954e-02, -1.62788632e-03,
       -2.37360294e-03, -2.02388503e-03, -1.49787928e-03,
       -3.17974831e-03, -1.49786891e-03, -5.98957762e-04,
       -2.10574362e-03, -2.23480463e-02, -1.62338419e-03,
       -4.68594907e-03, 1.23456563e-03, -4.39546246e-04, -2.24087341e-03,
       -2.01866310e-03, -7.01415876e-04, 5.55069069e-04, -3.13273340e-04,
       3.01618762e-02, -2.26617474e-02, 2.34342366e-03, -5.01818024e-04,
       1.02934439e-03, -1.49787811e-03, -1.03293257e-02, -4.19632392e-03,
       -9.96781455e-05, 6.73400878e-04, 3.23950388e-02, 5.73109742e-03,
       -1.43400510e-03, -3.96217685e-04, -2.69874511e-03,
       -1.30521774e-03, -4.90063615e-03, -1.20499521e-03,
       -4.39583277e-03, 8.58525280e-04, 2.52377652e-02, 2.56742742e-02,
       -1.62939467e-02, -5.87847608e-04, 2.16944190e-03, -2.14639935e-03,
       7.47864033e-05, -1.25608791e-03, -3.78481019e-03, -2.84563634e-04,
       -4.70890626e-02, -1.66080929e-02, 3.30404453e-02, -1.88461822e-02,
       -7.07125962e-02, -6.72319625e-03, 3.66056636e-02, 6.62047714e-02,
       1.84495360e-01, -1.15760550e-01, 1.22152371e-02, -4.84316563e-03,
       1.04532507e-03, -2.08465699e-02, 3.42944711e-02, -4.76207137e-02,
       -4.01304029e-02, 1.48359209e-01, 3.26678008e-02, 8.59400630e-03,
       4.73471405e-03, 7.91198760e-03, -1.51719684e-02, 4.36202213e-02,
       -3.86670902e-02, -7.40913376e-02, 5.32513745e-02, 4.58702371e-02,
       -2.43434589e-03, -5.21974312e-03, 4.31673340e-02, -2.09847242e-02,
       1.13418465e-02, -1.03288060e-02, 2.51841117e-02, -4.10798788e-02,
       1.99929476e-02, 1.28292982e-02, -7.17913806e-02, -7.52773806e-02,
       -1.72538999e-02, 1.81144867e-02, 2.91902609e-02, -1.31635889e-02,
       -9.59315989e-03, -2.66085193e-03, 7.66084297e-04, -1.02619203e-02,
       -6.26839278e-03, -4.70155524e-03, 7.19950497e-02, -9.30732414e-02,
       1.10204499e-02, 1.92638654e-02, -7.97791872e-03, 7.06639793e-03,
       1.94116104e-02, -8.42346530e-03, -1.17510045e-03, -4.56695678e-03,
       -5.32894656e-02, 7.26423971e-03, -2.55482849e-02, 8.10586091e-04,
       5.79749886e-03, 3.55370506e-03, -4.60157804e-02, -2.79230792e-02,
       8.19916744e-03, 1.11354748e-02, -8.62594508e-03, -9.60023887e-03,
       1.21426275e-02, 2.37162244e-02, 1.60942860e-02, -1.26436132e-03,
       1.26206502e-02, -5.43106608e-02, 1.74041409e-02, 7.75796175e-03,
       8.74142051e-02, -3.25468443e-02, 4.20560949e-02, 2.39142664e-02,
       -2.17294767e-02, -4.75213211e-03, 3.48298415e-03, 6.47195242e-03,
       1.01091305e-03, 2.56578065e-03, 1.04245029e-01, 1.62264041e-03,
       3.52694537e-03, 1.00175673e-02, 1.15888398e-02, 1.14007797e-02,
       -3.59785627e-03, -6.65202597e-03, -3.73984454e-04, 3.73109156e-04,
       -1.05278574e-01, 1.08822241e-01, 1.27419233e-01, 3.25795829e-01,
       -7.26893321e-02, 1.03266470e-01, 2.03900412e-02, -9.67167988e-02,
       4.94252443e-02, -6.03233650e-02, 6.73025325e-02, 8.02181289e-03,
       -6.56582862e-02, -2.40279123e-01, 1.50684655e-01, -1.23448960e-01,
       2.28687912e-01, -4.19702560e-01, 5.09868748e-02, -8.33064467e-02,
       -8.77789110e-02, -6.82543889e-02, -5.80730056e-03,
       -7.89817125e-02, 8.94055218e-02, -1.91627353e-01, 4.54875058e-04,
       -2.32391222e-03, 1.05062142e-01, 3.94328758e-02, 3.36737558e-02,
       -2.89661624e-03, 8.31816420e-02, -1.08962148e-01, 8.14324990e-02,
       -2.61922944e-02, 4.38192859e-02, -7.57329762e-02, 3.13206911e-02,
       1.78401917e-03, 7.24577233e-02, -1.00636661e-01, -1.32591231e-04,
       -3.57055068e-02, 9.06302631e-02, 2.17029154e-02, 4.19786060e-03,
       1.76559519e-02, -5.02016880e-02, -3.41270654e-03, -3.04123778e-02,
       4.15474223e-03, 5.31280637e-02, 4.02023979e-02, 1.27496449e-02,
       1.24856737e-02, 4.17401753e-02, -1.20279519e-02, 5.64888865e-02,
       6.86026551e-03, -8.53813961e-02, -4.21777442e-02, 6.32182956e-02,
       -3.35127413e-02, 1.08841266e-02, -4.64089355e-03, -4.80648242e-02,
       -4.32375520e-02, 2.25449428e-02, 2.17066091e-02, -2.15559471e-02,
       -4.51618060e-02, 3.68040055e-02, -7.54025858e-03, 5.01469970e-02,
       3.89374942e-02, -8.80617066e-04, -5.02048619e-02, 6.50653690e-02,
       -1.92156322e-02, -7.25873038e-02, 1.16862498e-01, -5.44636808e-02,
       2.27422882e-02, 4.39554900e-02, -7.62877427e-03, 6.59823045e-02,
       -5.99615052e-02, -1.11569148e-02, -9.39636491e-03, 1.84290856e-01,
       -3.22076976e-02, -2.99828276e-02, -7.89791718e-02,
       -2.61768401e-02, -2.52454430e-02, -2.82967761e-02, 2.07692049e-02,
       1.44805806e-02, 5.69181144e-03, -1.52116101e-02, -3.67066525e-02,
       5.58915082e-03, -1.84206851e-02, -3.39791477e-02, 1.27507551e-02,
       -6.60289661e-04, 5.47268391e-02, -7.40981549e-02, -7.51319453e-02,
       2.40856223e-03, -3.42518836e-03, 5.20626595e-03, 1.95332915e-02,
       -1.13571458e-03, 4.38862704e-02, -7.14707375e-03, 1.80579405e-02,
       -1.17916660e-02, 7.17057586e-02, -2.54510175e-02, 2.50293761e-02,
       3.59247029e-02, -4.82134055e-03, -1.06870681e-02, 6.30471483e-03,
       6.38343627e-03, -4.50197309e-02, 7.39454199e-03, 2.46751495e-02,
       -4.99726459e-02, -1.05220191e-02, 9.08884034e-03, -2.85263336e-03,
       8.64580553e-03, 2.06801984e-02, 3.04122642e-03, -9.86901298e-03,
       -1.20310280e-02, 3.08974776e-02, 1.21603860e-02, -3.64971682e-02,
       3.21347974e-02, 1.04335975e-02, 1.56713072e-02, 1.20741567e-02,
       1.30576128e-02, 5.76576125e-03, 5.56042138e-03, -2.16360036e-02,
       1.34172104e-02, -1.21641869e-03, 8.57758615e-03, 7.51197105e-03,
       8.23161565e-03, 6.13192189e-03, 6.60475297e-03, 6.13193074e-03,
       1.00386562e-02, 6.03565760e-03, -2.03787480e-02, 1.96805578e-02,
       1.95744112e-02, 8.49474687e-03, 1.41588766e-02, 6.75901864e-03,
       1.74329169e-02, 9.98391863e-03, 1.99649427e-02, 8.92572943e-03,
       -5.08617004e-03, -1.17171248e-02, 2.27758382e-02, 7.67044164e-03,
       8.00746400e-03, 6.13192609e-03, 6.32239692e-03, 5.23312017e-03,
       1.13212503e-02, 6.97254064e-03, -1.37321390e-02, 1.12100667e-03,
       8.07609223e-03, 9.02546477e-03, 1.10738399e-02, 8.38805083e-03,
       2.33794609e-03, 2.12725048e-04, 3.11020482e-03, 6.01533428e-03,
       -2.44547613e-02, 9.67209041e-03, 1.46791516e-02, 3.95226246e-03,
       1.47354091e-02, 7.64395809e-03, 8.34380649e-03, 2.97121098e-03,
       2.57334439e-03, 6.43332396e-03, -1.88448671e-02, -1.05305277e-01,
       -6.06982131e-03, -4.00534533e-02, -2.82145515e-02,
       -9.77219641e-02, -1.47155896e-01, 1.15016937e-01, 7.16106221e-02,
       2.47435316e-01, -7.05026761e-02, -5.59119247e-02, -1.29231596e-02,
       -5.89801520e-02, -6.36135638e-02, 2.85491999e-02, -2.54865754e-02,
       -5.43937944e-02, 6.11731298e-02, 2.24150911e-01, 3.95532027e-02,
       -9.83482134e-03, 2.02901643e-02, -2.11659372e-02, 1.62834581e-02,
       -5.21398112e-02, -1.20804057e-01, -1.15115896e-01,
       -5.69040589e-02, -1.00917250e-01, 1.00221470e-01, 1.66809596e-02,
       -4.40519564e-02, -4.82037552e-02, 4.81277592e-02, 2.03032717e-02,
       -4.83390409e-03, -4.30162326e-02, 3.10553033e-02, 6.42620102e-02,
       7.39388820e-03, -1.44096594e-02, -1.85970105e-02, 8.36291071e-03,
       9.27897170e-03, 1.26277246e-02, -3.23202199e-04, -1.25796841e-02,
       5.99301718e-02, 3.15003023e-02, -5.82604855e-02, 7.85180852e-02,
       -2.65607592e-02, 9.78936534e-03, -3.03148222e-03, 2.20749364e-03,
       -4.53307033e-02, 1.88007834e-03, 6.27417071e-03, 5.67834300e-04,
       -2.17219628e-02, 6.00726530e-02, 2.38342527e-02, -3.80171835e-03,
       1.31189153e-02, 1.26364445e-02, 1.27276435e-01, 6.41314089e-02,
       -2.87200417e-02, -2.40753889e-02, 5.16977124e-02, -4.73531932e-02,
       -1.25609143e-02, -1.12852603e-02, 1.54324323e-02, 1.12962397e-02,
       -4.40045074e-02, 1.25376865e-01, -4.11588736e-02, -3.85180190e-02,
       -1.04323827e-01, -8.00827965e-02, -5.62543236e-03, 6.33832626e-03,
       8.52973480e-03, 9.07226279e-03, -3.23927915e-03, 4.01984667e-03,
       5.49574196e-03, 1.46905603e-02, 8.77020657e-02, -5.88758513e-02,
       4.51669954e-02, -7.74721801e-03, 7.08461646e-03, 3.61044775e-03,
       2.10767146e-02, -2.42494140e-03, 7.44835753e-03, 1.35255046e-02,
       3.09213921e-02, 4.34034839e-02, 5.72317168e-02, -3.53869833e-02,
       4.71886247e-02, 6.86469674e-02, 2.88538840e-02, -5.21241277e-02,
       -7.11891949e-02, -2.61025041e-01, -3.35748941e-02,
       -5.02217449e-02, -7.95785487e-02, 1.45116046e-01, 9.67093706e-02,
       -1.34871125e-01, 1.75332859e-01, -9.69234109e-02, -7.68897086e-02,
       1.47741064e-01, 9.93242934e-02, -2.57721934e-02, -1.55353490e-02,
       1.32679656e-01, -9.25067142e-02, 2.68110447e-02, -5.10945730e-02,
       -5.36259301e-02, 1.82572022e-01, 5.60356444e-03, 1.97283328e-01,
       -6.73367456e-02, -2.20209565e-02, 2.03348398e-02, -1.23902537e-01,
       -9.60167199e-02, -1.27588123e-01, 1.14596672e-01, -7.98763707e-02,
       6.43841922e-02, -1.10295624e-01, 5.69426753e-02, 1.80456582e-02,
       -7.73152933e-02, 7.90529400e-02, -5.20764589e-02, 1.09129064e-02,
       4.20915522e-02, 2.20817290e-02, 4.92125601e-02, 1.31631330e-01,
       -3.31291482e-02, 4.39925119e-02, -6.95503354e-02, 3.09508387e-02,
       1.60612445e-02, 1.50418626e-02, 2.08697058e-02, 1.42709538e-03,
       1.09916991e-02, -1.51554525e-01, -6.67972192e-02, 2.90271211e-02,
       -2.82585695e-02, -2.87841838e-02, -2.57589910e-02, 1.32728145e-01,
       3.32468562e-02, -5.22191301e-02, -5.11391610e-02, 3.97859178e-02,
       5.18006198e-02, -6.02796897e-02, 2.28594989e-02, 5.59028424e-02,
       3.52334045e-02, -5.83572164e-02, 1.30967736e-01, -3.76605503e-02,
       -8.25914294e-02, -6.43291548e-02, 2.00166879e-03, 4.28867117e-02,
       -7.22483825e-03, -9.95826349e-03, 4.34116311e-02, 2.58569699e-03,
       -3.38056334e-03, -3.26479413e-02, -2.83247419e-03,
       -1.88084263e-02, -5.62300980e-02, -3.36658135e-02,
       -8.17788765e-03, 7.27766454e-02, -1.73255727e-02, 1.54842800e-02,
       1.67134944e-02, -1.01986974e-02, 1.41534964e-02 ]
